#------------------------------------------------------------
#        Script MySQL.
#------------------------------------------------------------


#------------------------------------------------------------
# Table: Permeability
#------------------------------------------------------------

CREATE TABLE Permeability(
        ID   int (11) Auto_increment  NOT NULL ,
        Type Char (25) NOT NULL ,
        PRIMARY KEY (ID )
)ENGINE=InnoDB;


#------------------------------------------------------------
# Table: Map
#------------------------------------------------------------

CREATE TABLE Map(
        ID               int (11) Auto_increment  NOT NULL ,
        Width            Int NOT NULL ,
        Height           Int NOT NULL ,
        DiamondToCollect Int NOT NULL ,
        Timer            Int NOT NULL ,
        PRIMARY KEY (ID )
)ENGINE=InnoDB;


#------------------------------------------------------------
# Table: Element
#------------------------------------------------------------

CREATE TABLE Element(
        ID              int (11) Auto_increment  NOT NULL ,
        Name            Char (25) NOT NULL ,
        Code            Char (3) NOT NULL ,
        Value           Int ,
        Droppable       Bool ,
        ID_Permeability Int NOT NULL ,
        PRIMARY KEY (ID )
)ENGINE=InnoDB;


#------------------------------------------------------------
# Table: COMPOSED
#------------------------------------------------------------

CREATE TABLE COMPOSED(
        X          Int NOT NULL ,
        Y          Int NOT NULL ,
        ID_Map         Int NOT NULL ,
        ID_Element Int NOT NULL ,
        PRIMARY KEY ( ID_Map, ID_Element, X , Y )
)ENGINE=InnoDB;

ALTER TABLE Element ADD CONSTRAINT FK_Element_ID_Permeability FOREIGN KEY (ID_Permeability) REFERENCES Permeability(ID);
ALTER TABLE COMPOSED ADD CONSTRAINT FK_COMPOSED_ID FOREIGN KEY (ID_Map) REFERENCES Map(ID);
ALTER TABLE COMPOSED ADD CONSTRAINT FK_COMPOSED_ID_Element FOREIGN KEY (ID_Element) REFERENCES Element(ID);



#------------------------------------------------------------
# FILL database
#------------------------------------------------------------
INSERT INTO permeability (Type) VALUES ("PENETRABLE");
INSERT INTO permeability (Type) VALUES ("BREAKABLE");
INSERT INTO permeability (Type) VALUES ("PUSHABLE");
INSERT INTO permeability (Type) VALUES ("COLLECTABLE");
INSERT INTO permeability (Type) VALUES ("SOLID");
INSERT INTO permeability (Type) VALUES ("ENTRY");
INSERT INTO permeability (Type) VALUES ("UNBREAKABLE");
INSERT INTO permeability (Type) VALUES ("LIVING");

INSERT INTO `element` (`ID`, `Name`, `Code`, `Value`, `Droppable`, `ID_Permeability`) VALUES
(1, 'Mud', 'm', NULL, NULL, 2),
(2, 'Door', 'D', NULL, NULL, 6),
(3, 'SuperWall', 'S', NULL, NULL, 7),
(4, 'Air', 'a', NULL, NULL, 1),
(5, 'Wall', 'W', NULL, NULL, 5),
(6, 'Diamond', 'd', NULL, NULL, 4),
(7, 'Rock', 'r', NULL, NULL, 3),
(8, 'Goblin', '1', 50, NULL, 8),
(9, 'Monster', '2', 50, NULL, 8),
(10, 'Bat', '3', NULL, 1, 8),
(11, 'Spider', '4', NULL, 1, 8),
(12, 'Hero', 'H', NULL, NULL, 8);


INSERT INTO `map` (`ID`, `Width`, `Height`, `DiamondToCollect`, `Timer`) VALUES
(1, 5, 5, 2, 30),
(2, 10, 10, 2, 60),
(3, 40, 22, 18, 120),
(4, 40, 22, 18, 120),
(5, 40, 22, 14, 120);


INSERT INTO `composed` (`X`, `Y`, `ID_Map`, `ID_Element`) VALUES
(1, 1, 1, 1),
(1, 2, 1, 1),
(1, 3, 1, 1),
(3, 2, 1, 1),
(1, 1, 2, 1),
(1, 2, 2, 1),
(1, 3, 2, 1),
(1, 4, 2, 1),
(1, 5, 2, 1),
(1, 6, 2, 1),
(1, 7, 2, 1),
(1, 8, 2, 1),
(2, 5, 2, 1),
(2, 6, 2, 1),
(2, 7, 2, 1),
(2, 8, 2, 1),
(3, 1, 2, 1),
(3, 2, 2, 1),
(3, 4, 2, 1),
(3, 5, 2, 1),
(3, 6, 2, 1),
(3, 7, 2, 1),
(3, 8, 2, 1),
(4, 1, 2, 1),
(4, 2, 2, 1),
(4, 3, 2, 1),
(4, 4, 2, 1),
(4, 5, 2, 1),
(5, 1, 2, 1),
(5, 3, 2, 1),
(5, 4, 2, 1),
(5, 5, 2, 1),
(6, 1, 2, 1),
(6, 2, 2, 1),
(6, 3, 2, 1),
(6, 5, 2, 1),
(6, 8, 2, 1),
(7, 1, 2, 1),
(7, 2, 2, 1),
(7, 3, 2, 1),
(7, 4, 2, 1),
(7, 5, 2, 1),
(7, 8, 2, 1),
(8, 1, 2, 1),
(8, 2, 2, 1),
(8, 3, 2, 1),
(8, 4, 2, 1),
(8, 5, 2, 1),
(8, 6, 2, 1),
(8, 7, 2, 1),
(8, 8, 2, 1),
(1, 1, 3, 1),
(1, 2, 3, 1),
(1, 3, 3, 1),
(1, 6, 3, 1),
(1, 8, 3, 1),
(1, 9, 3, 1),
(1, 10, 3, 1),
(1, 11, 3, 1),
(1, 12, 3, 1),
(1, 13, 3, 1),
(1, 14, 3, 1),
(1, 17, 3, 1),
(1, 18, 3, 1),
(1, 19, 3, 1),
(1, 20, 3, 1),
(2, 1, 3, 1),
(2, 3, 3, 1),
(2, 4, 3, 1),
(2, 5, 3, 1),
(2, 6, 3, 1),
(2, 9, 3, 1),
(2, 10, 3, 1),
(2, 14, 3, 1),
(2, 18, 3, 1),
(2, 19, 3, 1),
(3, 1, 3, 1),
(3, 3, 3, 1),
(3, 6, 3, 1),
(3, 8, 3, 1),
(3, 10, 3, 1),
(3, 11, 3, 1),
(3, 12, 3, 1),
(3, 14, 3, 1),
(3, 15, 3, 1),
(3, 16, 3, 1),
(3, 17, 3, 1),
(4, 1, 3, 1),
(4, 3, 3, 1),
(4, 8, 3, 1),
(4, 9, 3, 1),
(4, 11, 3, 1),
(4, 12, 3, 1),
(4, 13, 3, 1),
(4, 14, 3, 1),
(4, 15, 3, 1),
(4, 16, 3, 1),
(4, 17, 3, 1),
(4, 18, 3, 1),
(4, 19, 3, 1),
(5, 1, 3, 1),
(5, 2, 3, 1),
(5, 3, 3, 1),
(5, 4, 3, 1),
(5, 5, 3, 1),
(5, 6, 3, 1),
(5, 8, 3, 1),
(5, 9, 3, 1),
(5, 10, 3, 1),
(5, 11, 3, 1),
(5, 13, 3, 1),
(5, 14, 3, 1),
(5, 15, 3, 1),
(5, 16, 3, 1),
(5, 17, 3, 1),
(5, 18, 3, 1),
(5, 19, 3, 1),
(5, 20, 3, 1),
(6, 1, 3, 1),
(6, 2, 3, 1),
(6, 3, 3, 1),
(6, 4, 3, 1),
(6, 5, 3, 1),
(6, 6, 3, 1),
(6, 9, 3, 1),
(6, 10, 3, 1),
(6, 11, 3, 1),
(6, 12, 3, 1),
(6, 13, 3, 1),
(6, 14, 3, 1),
(6, 15, 3, 1),
(6, 16, 3, 1),
(6, 17, 3, 1),
(6, 18, 3, 1),
(6, 20, 3, 1),
(7, 2, 3, 1),
(7, 3, 3, 1),
(7, 4, 3, 1),
(7, 5, 3, 1),
(7, 8, 3, 1),
(7, 9, 3, 1),
(7, 11, 3, 1),
(7, 12, 3, 1),
(7, 13, 3, 1),
(7, 14, 3, 1),
(7, 15, 3, 1),
(7, 16, 3, 1),
(7, 18, 3, 1),
(7, 19, 3, 1),
(7, 20, 3, 1),
(8, 1, 3, 1),
(8, 2, 3, 1),
(8, 3, 3, 1),
(8, 4, 3, 1),
(8, 5, 3, 1),
(8, 6, 3, 1),
(8, 8, 3, 1),
(8, 9, 3, 1),
(8, 10, 3, 1),
(8, 13, 3, 1),
(8, 14, 3, 1),
(8, 15, 3, 1),
(8, 16, 3, 1),
(8, 17, 3, 1),
(8, 18, 3, 1),
(9, 1, 3, 1),
(9, 2, 3, 1),
(9, 3, 3, 1),
(9, 4, 3, 1),
(9, 5, 3, 1),
(9, 6, 3, 1),
(9, 11, 3, 1),
(9, 12, 3, 1),
(9, 13, 3, 1),
(9, 15, 3, 1),
(9, 16, 3, 1),
(9, 17, 3, 1),
(9, 18, 3, 1),
(9, 19, 3, 1),
(9, 20, 3, 1),
(10, 2, 3, 1),
(10, 3, 3, 1),
(10, 4, 3, 1),
(10, 5, 3, 1),
(10, 6, 3, 1),
(10, 8, 3, 1),
(10, 9, 3, 1),
(10, 10, 3, 1),
(10, 11, 3, 1),
(10, 13, 3, 1),
(10, 15, 3, 1),
(10, 16, 3, 1),
(10, 17, 3, 1),
(10, 19, 3, 1),
(10, 20, 3, 1),
(11, 1, 3, 1),
(11, 4, 3, 1),
(11, 5, 3, 1),
(11, 6, 3, 1),
(11, 9, 3, 1),
(11, 10, 3, 1),
(11, 11, 3, 1),
(11, 13, 3, 1),
(11, 15, 3, 1),
(11, 16, 3, 1),
(11, 18, 3, 1),
(11, 19, 3, 1),
(11, 20, 3, 1),
(12, 2, 3, 1),
(12, 3, 3, 1),
(12, 4, 3, 1),
(12, 5, 3, 1),
(12, 6, 3, 1),
(12, 8, 3, 1),
(12, 9, 3, 1),
(12, 10, 3, 1),
(12, 11, 3, 1),
(12, 12, 3, 1),
(12, 13, 3, 1),
(12, 17, 3, 1),
(12, 18, 3, 1),
(12, 19, 3, 1),
(12, 20, 3, 1),
(13, 2, 3, 1),
(13, 3, 3, 1),
(13, 4, 3, 1),
(13, 5, 3, 1),
(13, 6, 3, 1),
(13, 8, 3, 1),
(13, 9, 3, 1),
(13, 10, 3, 1),
(13, 11, 3, 1),
(13, 12, 3, 1),
(13, 13, 3, 1),
(13, 15, 3, 1),
(13, 17, 3, 1),
(13, 18, 3, 1),
(13, 20, 3, 1),
(14, 1, 3, 1),
(14, 2, 3, 1),
(14, 6, 3, 1),
(14, 9, 3, 1),
(14, 10, 3, 1),
(14, 11, 3, 1),
(14, 12, 3, 1),
(14, 13, 3, 1),
(14, 15, 3, 1),
(14, 16, 3, 1),
(14, 17, 3, 1),
(14, 18, 3, 1),
(14, 19, 3, 1),
(14, 20, 3, 1),
(15, 1, 3, 1),
(15, 2, 3, 1),
(15, 3, 3, 1),
(15, 4, 3, 1),
(15, 6, 3, 1),
(15, 8, 3, 1),
(15, 10, 3, 1),
(15, 11, 3, 1),
(15, 12, 3, 1),
(15, 13, 3, 1),
(15, 15, 3, 1),
(15, 16, 3, 1),
(15, 17, 3, 1),
(15, 18, 3, 1),
(15, 19, 3, 1),
(15, 20, 3, 1),
(16, 1, 3, 1),
(16, 2, 3, 1),
(16, 3, 3, 1),
(16, 4, 3, 1),
(16, 5, 3, 1),
(16, 9, 3, 1),
(16, 10, 3, 1),
(16, 11, 3, 1),
(16, 12, 3, 1),
(16, 13, 3, 1),
(16, 17, 3, 1),
(16, 18, 3, 1),
(16, 19, 3, 1),
(16, 20, 3, 1),
(17, 1, 3, 1),
(17, 2, 3, 1),
(17, 3, 3, 1),
(17, 4, 3, 1),
(17, 5, 3, 1),
(17, 6, 3, 1),
(17, 8, 3, 1),
(17, 9, 3, 1),
(17, 10, 3, 1),
(17, 11, 3, 1),
(17, 13, 3, 1),
(17, 15, 3, 1),
(17, 16, 3, 1),
(17, 17, 3, 1),
(17, 19, 3, 1),
(17, 20, 3, 1),
(18, 1, 3, 1),
(18, 2, 3, 1),
(18, 3, 3, 1),
(18, 4, 3, 1),
(18, 6, 3, 1),
(18, 8, 3, 1),
(18, 9, 3, 1),
(18, 10, 3, 1),
(18, 12, 3, 1),
(18, 15, 3, 1),
(18, 16, 3, 1),
(18, 18, 3, 1),
(18, 19, 3, 1),
(19, 2, 3, 1),
(19, 3, 3, 1),
(19, 4, 3, 1),
(19, 5, 3, 1),
(19, 6, 3, 1),
(19, 8, 3, 1),
(19, 9, 3, 1),
(19, 10, 3, 1),
(19, 15, 3, 1),
(19, 16, 3, 1),
(19, 17, 3, 1),
(19, 18, 3, 1),
(19, 19, 3, 1),
(19, 20, 3, 1),
(20, 1, 3, 1),
(20, 2, 3, 1),
(20, 4, 3, 1),
(20, 5, 3, 1),
(20, 6, 3, 1),
(20, 8, 3, 1),
(20, 9, 3, 1),
(20, 10, 3, 1),
(20, 15, 3, 1),
(20, 16, 3, 1),
(20, 17, 3, 1),
(20, 18, 3, 1),
(20, 19, 3, 1),
(20, 20, 3, 1),
(21, 3, 3, 1),
(21, 5, 3, 1),
(21, 6, 3, 1),
(21, 8, 3, 1),
(21, 9, 3, 1),
(21, 10, 3, 1),
(21, 11, 3, 1),
(21, 12, 3, 1),
(21, 13, 3, 1),
(21, 16, 3, 1),
(21, 18, 3, 1),
(21, 20, 3, 1),
(22, 1, 3, 1),
(22, 4, 3, 1),
(22, 5, 3, 1),
(22, 8, 3, 1),
(22, 9, 3, 1),
(22, 10, 3, 1),
(22, 11, 3, 1),
(22, 12, 3, 1),
(22, 13, 3, 1),
(22, 15, 3, 1),
(22, 16, 3, 1),
(22, 17, 3, 1),
(22, 19, 3, 1),
(22, 20, 3, 1),
(23, 1, 3, 1),
(23, 2, 3, 1),
(23, 3, 3, 1),
(23, 4, 3, 1),
(23, 5, 3, 1),
(23, 6, 3, 1),
(23, 8, 3, 1),
(23, 9, 3, 1),
(23, 10, 3, 1),
(23, 11, 3, 1),
(23, 15, 3, 1),
(23, 16, 3, 1),
(23, 17, 3, 1),
(23, 18, 3, 1),
(23, 19, 3, 1),
(23, 20, 3, 1),
(24, 1, 3, 1),
(24, 2, 3, 1),
(24, 3, 3, 1),
(24, 5, 3, 1),
(24, 8, 3, 1),
(24, 11, 3, 1),
(24, 12, 3, 1),
(24, 13, 3, 1),
(24, 15, 3, 1),
(24, 16, 3, 1),
(24, 17, 3, 1),
(24, 18, 3, 1),
(24, 19, 3, 1),
(25, 1, 3, 1),
(25, 4, 3, 1),
(25, 5, 3, 1),
(25, 8, 3, 1),
(25, 11, 3, 1),
(25, 12, 3, 1),
(25, 13, 3, 1),
(25, 15, 3, 1),
(25, 20, 3, 1),
(26, 1, 3, 1),
(26, 2, 3, 1),
(26, 3, 3, 1),
(26, 4, 3, 1),
(26, 5, 3, 1),
(26, 6, 3, 1),
(26, 8, 3, 1),
(26, 10, 3, 1),
(26, 11, 3, 1),
(26, 12, 3, 1),
(26, 13, 3, 1),
(26, 15, 3, 1),
(26, 16, 3, 1),
(26, 17, 3, 1),
(26, 18, 3, 1),
(26, 19, 3, 1),
(26, 20, 3, 1),
(27, 1, 3, 1),
(27, 2, 3, 1),
(27, 3, 3, 1),
(27, 4, 3, 1),
(27, 6, 3, 1),
(27, 12, 3, 1),
(27, 13, 3, 1),
(27, 16, 3, 1),
(27, 17, 3, 1),
(27, 18, 3, 1),
(27, 19, 3, 1),
(27, 20, 3, 1),
(28, 1, 3, 1),
(28, 2, 3, 1),
(28, 3, 3, 1),
(28, 4, 3, 1),
(28, 5, 3, 1),
(28, 6, 3, 1),
(28, 8, 3, 1),
(28, 9, 3, 1),
(28, 10, 3, 1),
(28, 11, 3, 1),
(28, 13, 3, 1),
(28, 15, 3, 1),
(28, 16, 3, 1),
(28, 17, 3, 1),
(28, 20, 3, 1),
(29, 2, 3, 1),
(29, 3, 3, 1),
(29, 5, 3, 1),
(29, 6, 3, 1),
(29, 9, 3, 1),
(29, 10, 3, 1),
(29, 11, 3, 1),
(29, 12, 3, 1),
(29, 13, 3, 1),
(29, 15, 3, 1),
(29, 16, 3, 1),
(29, 17, 3, 1),
(29, 18, 3, 1),
(29, 19, 3, 1),
(29, 20, 3, 1),
(30, 1, 3, 1),
(30, 3, 3, 1),
(30, 4, 3, 1),
(30, 5, 3, 1),
(30, 6, 3, 1),
(30, 12, 3, 1),
(30, 13, 3, 1),
(30, 15, 3, 1),
(30, 16, 3, 1),
(30, 18, 3, 1),
(30, 19, 3, 1),
(31, 1, 3, 1),
(31, 2, 3, 1),
(31, 3, 3, 1),
(31, 4, 3, 1),
(31, 5, 3, 1),
(31, 6, 3, 1),
(31, 7, 3, 1),
(31, 8, 3, 1),
(31, 9, 3, 1),
(31, 10, 3, 1),
(31, 11, 3, 1),
(31, 12, 3, 1),
(31, 13, 3, 1),
(31, 16, 3, 1),
(31, 17, 3, 1),
(31, 20, 3, 1),
(32, 1, 3, 1),
(32, 2, 3, 1),
(32, 3, 3, 1),
(32, 4, 3, 1),
(32, 5, 3, 1),
(32, 6, 3, 1),
(32, 7, 3, 1),
(32, 8, 3, 1),
(32, 9, 3, 1),
(32, 10, 3, 1),
(32, 15, 3, 1),
(32, 17, 3, 1),
(32, 18, 3, 1),
(32, 19, 3, 1),
(32, 20, 3, 1),
(33, 1, 3, 1),
(33, 2, 3, 1),
(33, 3, 3, 1),
(33, 5, 3, 1),
(33, 6, 3, 1),
(33, 7, 3, 1),
(33, 8, 3, 1),
(33, 9, 3, 1),
(33, 10, 3, 1),
(33, 11, 3, 1),
(33, 12, 3, 1),
(33, 13, 3, 1),
(33, 15, 3, 1),
(33, 16, 3, 1),
(33, 17, 3, 1),
(33, 18, 3, 1),
(33, 19, 3, 1),
(33, 20, 3, 1),
(34, 2, 3, 1),
(34, 4, 3, 1),
(34, 8, 3, 1),
(34, 9, 3, 1),
(34, 10, 3, 1),
(34, 11, 3, 1),
(34, 12, 3, 1),
(34, 13, 3, 1),
(34, 15, 3, 1),
(34, 17, 3, 1),
(34, 18, 3, 1),
(34, 20, 3, 1),
(35, 1, 3, 1),
(35, 2, 3, 1),
(35, 3, 3, 1),
(35, 4, 3, 1),
(35, 5, 3, 1),
(35, 6, 3, 1),
(35, 7, 3, 1),
(35, 8, 3, 1),
(35, 10, 3, 1),
(35, 11, 3, 1),
(35, 13, 3, 1),
(35, 15, 3, 1),
(35, 17, 3, 1),
(35, 18, 3, 1),
(35, 19, 3, 1),
(35, 20, 3, 1),
(36, 1, 3, 1),
(36, 3, 3, 1),
(36, 4, 3, 1),
(36, 7, 3, 1),
(36, 8, 3, 1),
(36, 9, 3, 1),
(36, 10, 3, 1),
(36, 11, 3, 1),
(36, 12, 3, 1),
(36, 13, 3, 1),
(36, 15, 3, 1),
(36, 16, 3, 1),
(36, 19, 3, 1),
(36, 20, 3, 1),
(37, 1, 3, 1),
(37, 2, 3, 1),
(37, 3, 3, 1),
(37, 4, 3, 1),
(37, 9, 3, 1),
(37, 10, 3, 1),
(37, 13, 3, 1),
(37, 15, 3, 1),
(37, 16, 3, 1),
(37, 17, 3, 1),
(37, 18, 3, 1),
(37, 19, 3, 1),
(37, 20, 3, 1),
(38, 1, 3, 1),
(38, 2, 3, 1),
(38, 3, 3, 1),
(38, 4, 3, 1),
(38, 5, 3, 1),
(38, 6, 3, 1),
(38, 7, 3, 1),
(38, 8, 3, 1),
(38, 9, 3, 1),
(38, 10, 3, 1),
(38, 11, 3, 1),
(38, 12, 3, 1),
(38, 15, 3, 1),
(38, 18, 3, 1),
(38, 19, 3, 1),
(38, 20, 3, 1),
(1, 1, 4, 1),
(1, 2, 4, 1),
(1, 3, 4, 1),
(1, 6, 4, 1),
(1, 7, 4, 1),
(1, 8, 4, 1),
(1, 9, 4, 1),
(1, 10, 4, 1),
(1, 11, 4, 1),
(1, 12, 4, 1),
(1, 13, 4, 1),
(1, 17, 4, 1),
(1, 18, 4, 1),
(1, 19, 4, 1),
(1, 20, 4, 1),
(2, 1, 4, 1),
(2, 3, 4, 1),
(2, 4, 4, 1),
(2, 5, 4, 1),
(2, 6, 4, 1),
(2, 7, 4, 1),
(2, 9, 4, 1),
(2, 10, 4, 1),
(2, 18, 4, 1),
(2, 19, 4, 1),
(3, 1, 4, 1),
(3, 2, 4, 1),
(3, 3, 4, 1),
(3, 6, 4, 1),
(3, 7, 4, 1),
(3, 8, 4, 1),
(3, 10, 4, 1),
(3, 11, 4, 1),
(3, 12, 4, 1),
(3, 15, 4, 1),
(3, 16, 4, 1),
(3, 17, 4, 1),
(4, 1, 4, 1),
(4, 3, 4, 1),
(4, 8, 4, 1),
(4, 9, 4, 1),
(4, 11, 4, 1),
(4, 12, 4, 1),
(4, 13, 4, 1),
(4, 15, 4, 1),
(4, 16, 4, 1),
(4, 17, 4, 1),
(4, 18, 4, 1),
(4, 19, 4, 1),
(5, 1, 4, 1),
(5, 2, 4, 1),
(5, 3, 4, 1),
(5, 4, 4, 1),
(5, 5, 4, 1),
(5, 6, 4, 1),
(5, 7, 4, 1),
(5, 8, 4, 1),
(5, 9, 4, 1),
(5, 10, 4, 1),
(5, 11, 4, 1),
(5, 13, 4, 1),
(5, 15, 4, 1),
(5, 16, 4, 1),
(5, 17, 4, 1),
(5, 18, 4, 1),
(5, 20, 4, 1),
(6, 1, 4, 1),
(6, 2, 4, 1),
(6, 3, 4, 1),
(6, 4, 4, 1),
(6, 5, 4, 1),
(6, 6, 4, 1),
(6, 7, 4, 1),
(6, 9, 4, 1),
(6, 10, 4, 1),
(6, 11, 4, 1),
(6, 12, 4, 1),
(6, 13, 4, 1),
(6, 15, 4, 1),
(6, 16, 4, 1),
(6, 17, 4, 1),
(6, 18, 4, 1),
(6, 20, 4, 1),
(7, 2, 4, 1),
(7, 3, 4, 1),
(7, 4, 4, 1),
(7, 5, 4, 1),
(7, 8, 4, 1),
(7, 9, 4, 1),
(7, 11, 4, 1),
(7, 12, 4, 1),
(7, 13, 4, 1),
(7, 15, 4, 1),
(7, 16, 4, 1),
(7, 18, 4, 1),
(7, 19, 4, 1),
(7, 20, 4, 1),
(8, 1, 4, 1),
(8, 2, 4, 1),
(8, 3, 4, 1),
(8, 4, 4, 1),
(8, 5, 4, 1),
(8, 6, 4, 1),
(8, 7, 4, 1),
(8, 8, 4, 1),
(8, 9, 4, 1),
(8, 10, 4, 1),
(8, 13, 4, 1),
(8, 15, 4, 1),
(8, 16, 4, 1),
(8, 17, 4, 1),
(8, 18, 4, 1),
(9, 1, 4, 1),
(9, 2, 4, 1),
(9, 3, 4, 1),
(9, 4, 4, 1),
(9, 5, 4, 1),
(9, 6, 4, 1),
(9, 11, 4, 1),
(9, 12, 4, 1),
(9, 13, 4, 1),
(9, 15, 4, 1),
(9, 16, 4, 1),
(9, 17, 4, 1),
(9, 18, 4, 1),
(9, 19, 4, 1),
(9, 20, 4, 1),
(10, 2, 4, 1),
(10, 3, 4, 1),
(10, 4, 4, 1),
(10, 5, 4, 1),
(10, 6, 4, 1),
(10, 8, 4, 1),
(10, 9, 4, 1),
(10, 10, 4, 1),
(10, 11, 4, 1),
(10, 13, 4, 1),
(10, 15, 4, 1),
(10, 16, 4, 1),
(10, 17, 4, 1),
(10, 19, 4, 1),
(10, 20, 4, 1),
(11, 1, 4, 1),
(11, 4, 4, 1),
(11, 5, 4, 1),
(11, 6, 4, 1),
(11, 9, 4, 1),
(11, 10, 4, 1),
(11, 11, 4, 1),
(11, 13, 4, 1),
(11, 15, 4, 1),
(11, 16, 4, 1),
(11, 18, 4, 1),
(11, 19, 4, 1),
(11, 20, 4, 1),
(12, 2, 4, 1),
(12, 3, 4, 1),
(12, 4, 4, 1),
(12, 5, 4, 1),
(12, 6, 4, 1),
(12, 8, 4, 1),
(12, 9, 4, 1),
(12, 10, 4, 1),
(12, 11, 4, 1),
(12, 12, 4, 1),
(12, 13, 4, 1),
(12, 17, 4, 1),
(12, 18, 4, 1),
(12, 19, 4, 1),
(12, 20, 4, 1),
(13, 2, 4, 1),
(13, 3, 4, 1),
(13, 4, 4, 1),
(13, 5, 4, 1),
(13, 6, 4, 1),
(13, 8, 4, 1),
(13, 9, 4, 1),
(13, 10, 4, 1),
(13, 11, 4, 1),
(13, 12, 4, 1),
(13, 13, 4, 1),
(13, 15, 4, 1),
(13, 17, 4, 1),
(13, 18, 4, 1),
(13, 20, 4, 1),
(14, 1, 4, 1),
(14, 2, 4, 1),
(14, 6, 4, 1),
(14, 9, 4, 1),
(14, 10, 4, 1),
(14, 11, 4, 1),
(14, 12, 4, 1),
(14, 13, 4, 1),
(14, 15, 4, 1),
(14, 16, 4, 1),
(14, 17, 4, 1),
(14, 18, 4, 1),
(14, 19, 4, 1),
(14, 20, 4, 1),
(15, 1, 4, 1),
(15, 2, 4, 1),
(15, 3, 4, 1),
(15, 4, 4, 1),
(15, 6, 4, 1),
(15, 8, 4, 1),
(15, 10, 4, 1),
(15, 11, 4, 1),
(15, 12, 4, 1),
(15, 13, 4, 1),
(15, 15, 4, 1),
(15, 16, 4, 1),
(15, 17, 4, 1),
(15, 18, 4, 1),
(15, 19, 4, 1),
(15, 20, 4, 1),
(16, 1, 4, 1),
(16, 2, 4, 1),
(16, 3, 4, 1),
(16, 4, 4, 1),
(16, 5, 4, 1),
(16, 9, 4, 1),
(16, 10, 4, 1),
(16, 11, 4, 1),
(16, 12, 4, 1),
(16, 13, 4, 1),
(16, 17, 4, 1),
(16, 18, 4, 1),
(16, 19, 4, 1),
(16, 20, 4, 1),
(17, 1, 4, 1),
(17, 2, 4, 1),
(17, 3, 4, 1),
(17, 4, 4, 1),
(17, 5, 4, 1),
(17, 6, 4, 1),
(17, 8, 4, 1),
(17, 9, 4, 1),
(17, 10, 4, 1),
(17, 11, 4, 1),
(17, 13, 4, 1),
(17, 15, 4, 1),
(17, 16, 4, 1),
(17, 17, 4, 1),
(17, 19, 4, 1),
(17, 20, 4, 1),
(18, 1, 4, 1),
(18, 2, 4, 1),
(18, 3, 4, 1),
(18, 4, 4, 1),
(18, 6, 4, 1),
(18, 8, 4, 1),
(18, 9, 4, 1),
(18, 10, 4, 1),
(18, 12, 4, 1),
(18, 15, 4, 1),
(18, 16, 4, 1),
(18, 18, 4, 1),
(18, 19, 4, 1),
(19, 2, 4, 1),
(19, 3, 4, 1),
(19, 4, 4, 1),
(19, 5, 4, 1),
(19, 6, 4, 1),
(19, 8, 4, 1),
(19, 9, 4, 1),
(19, 10, 4, 1),
(19, 15, 4, 1),
(19, 16, 4, 1),
(19, 17, 4, 1),
(19, 18, 4, 1),
(19, 19, 4, 1),
(19, 20, 4, 1),
(20, 1, 4, 1),
(20, 2, 4, 1),
(20, 4, 4, 1),
(20, 5, 4, 1),
(20, 6, 4, 1),
(20, 8, 4, 1),
(20, 9, 4, 1),
(20, 10, 4, 1),
(20, 15, 4, 1),
(20, 16, 4, 1),
(20, 17, 4, 1),
(20, 18, 4, 1),
(20, 19, 4, 1),
(20, 20, 4, 1),
(21, 3, 4, 1),
(21, 5, 4, 1),
(21, 6, 4, 1),
(21, 8, 4, 1),
(21, 9, 4, 1),
(21, 10, 4, 1),
(21, 11, 4, 1),
(21, 12, 4, 1),
(21, 13, 4, 1),
(21, 16, 4, 1),
(21, 18, 4, 1),
(21, 20, 4, 1),
(22, 1, 4, 1),
(22, 4, 4, 1),
(22, 5, 4, 1),
(22, 8, 4, 1),
(22, 9, 4, 1),
(22, 10, 4, 1),
(22, 11, 4, 1),
(22, 12, 4, 1),
(22, 13, 4, 1),
(22, 15, 4, 1),
(22, 16, 4, 1),
(22, 17, 4, 1),
(22, 19, 4, 1),
(22, 20, 4, 1),
(23, 1, 4, 1),
(23, 2, 4, 1),
(23, 3, 4, 1),
(23, 4, 4, 1),
(23, 5, 4, 1),
(23, 6, 4, 1),
(23, 8, 4, 1),
(23, 9, 4, 1),
(23, 10, 4, 1),
(23, 11, 4, 1),
(23, 15, 4, 1),
(23, 16, 4, 1),
(23, 17, 4, 1),
(23, 18, 4, 1),
(23, 19, 4, 1),
(23, 20, 4, 1),
(24, 1, 4, 1),
(24, 2, 4, 1),
(24, 3, 4, 1),
(24, 5, 4, 1),
(24, 8, 4, 1),
(24, 11, 4, 1),
(24, 12, 4, 1),
(24, 13, 4, 1),
(24, 15, 4, 1),
(24, 16, 4, 1),
(24, 17, 4, 1),
(24, 18, 4, 1),
(24, 19, 4, 1),
(25, 1, 4, 1),
(25, 4, 4, 1),
(25, 5, 4, 1),
(25, 8, 4, 1),
(25, 11, 4, 1),
(25, 12, 4, 1),
(25, 13, 4, 1),
(25, 15, 4, 1),
(25, 20, 4, 1),
(26, 1, 4, 1),
(26, 2, 4, 1),
(26, 3, 4, 1),
(26, 4, 4, 1),
(26, 5, 4, 1),
(26, 6, 4, 1),
(26, 8, 4, 1),
(26, 10, 4, 1),
(26, 11, 4, 1),
(26, 12, 4, 1),
(26, 13, 4, 1),
(26, 15, 4, 1),
(26, 16, 4, 1),
(26, 17, 4, 1),
(26, 18, 4, 1),
(26, 19, 4, 1),
(26, 20, 4, 1),
(27, 1, 4, 1),
(27, 2, 4, 1),
(27, 3, 4, 1),
(27, 4, 4, 1),
(27, 6, 4, 1),
(27, 12, 4, 1),
(27, 13, 4, 1),
(27, 16, 4, 1),
(27, 17, 4, 1),
(27, 18, 4, 1),
(27, 19, 4, 1),
(27, 20, 4, 1),
(28, 1, 4, 1),
(28, 2, 4, 1),
(28, 3, 4, 1),
(28, 4, 4, 1),
(28, 5, 4, 1),
(28, 6, 4, 1),
(28, 8, 4, 1),
(28, 9, 4, 1),
(28, 10, 4, 1),
(28, 11, 4, 1),
(28, 13, 4, 1),
(28, 15, 4, 1),
(28, 16, 4, 1),
(28, 17, 4, 1),
(28, 20, 4, 1),
(29, 2, 4, 1),
(29, 3, 4, 1),
(29, 5, 4, 1),
(29, 6, 4, 1),
(29, 9, 4, 1),
(29, 10, 4, 1),
(29, 11, 4, 1),
(29, 12, 4, 1),
(29, 13, 4, 1),
(29, 15, 4, 1),
(29, 16, 4, 1),
(29, 17, 4, 1),
(29, 18, 4, 1),
(29, 19, 4, 1),
(29, 20, 4, 1),
(30, 1, 4, 1),
(30, 3, 4, 1),
(30, 4, 4, 1),
(30, 5, 4, 1),
(30, 6, 4, 1),
(30, 12, 4, 1),
(30, 13, 4, 1),
(30, 15, 4, 1),
(30, 16, 4, 1),
(30, 18, 4, 1),
(30, 19, 4, 1),
(31, 1, 4, 1),
(31, 2, 4, 1),
(31, 3, 4, 1),
(31, 4, 4, 1),
(31, 5, 4, 1),
(31, 6, 4, 1),
(31, 8, 4, 1),
(31, 9, 4, 1),
(31, 10, 4, 1),
(31, 11, 4, 1),
(31, 12, 4, 1),
(31, 13, 4, 1),
(31, 14, 4, 1),
(31, 16, 4, 1),
(31, 17, 4, 1),
(31, 20, 4, 1),
(32, 1, 4, 1),
(32, 2, 4, 1),
(32, 3, 4, 1),
(32, 4, 4, 1),
(32, 5, 4, 1),
(32, 6, 4, 1),
(32, 8, 4, 1),
(32, 9, 4, 1),
(32, 10, 4, 1),
(32, 14, 4, 1),
(32, 15, 4, 1),
(32, 17, 4, 1),
(32, 18, 4, 1),
(32, 19, 4, 1),
(32, 20, 4, 1),
(33, 1, 4, 1),
(33, 2, 4, 1),
(33, 3, 4, 1),
(33, 5, 4, 1),
(33, 6, 4, 1),
(33, 8, 4, 1),
(33, 9, 4, 1),
(33, 10, 4, 1),
(33, 11, 4, 1),
(33, 12, 4, 1),
(33, 13, 4, 1),
(33, 14, 4, 1),
(33, 15, 4, 1),
(33, 16, 4, 1),
(33, 17, 4, 1),
(33, 18, 4, 1),
(33, 19, 4, 1),
(33, 20, 4, 1),
(34, 2, 4, 1),
(34, 4, 4, 1),
(34, 8, 4, 1),
(34, 9, 4, 1),
(34, 10, 4, 1),
(34, 11, 4, 1),
(34, 12, 4, 1),
(34, 13, 4, 1),
(34, 14, 4, 1),
(34, 15, 4, 1),
(34, 17, 4, 1),
(34, 18, 4, 1),
(34, 20, 4, 1),
(35, 1, 4, 1),
(35, 2, 4, 1),
(35, 3, 4, 1),
(35, 4, 4, 1),
(35, 5, 4, 1),
(35, 6, 4, 1),
(35, 8, 4, 1),
(35, 10, 4, 1),
(35, 11, 4, 1),
(35, 13, 4, 1),
(35, 14, 4, 1),
(35, 15, 4, 1),
(35, 17, 4, 1),
(35, 18, 4, 1),
(35, 19, 4, 1),
(35, 20, 4, 1),
(36, 3, 4, 1),
(36, 4, 4, 1),
(36, 8, 4, 1),
(36, 9, 4, 1),
(36, 10, 4, 1),
(36, 11, 4, 1),
(36, 12, 4, 1),
(36, 13, 4, 1),
(36, 14, 4, 1),
(36, 15, 4, 1),
(36, 16, 4, 1),
(36, 19, 4, 1),
(36, 20, 4, 1),
(37, 1, 4, 1),
(37, 2, 4, 1),
(37, 3, 4, 1),
(37, 4, 4, 1),
(37, 9, 4, 1),
(37, 10, 4, 1),
(37, 13, 4, 1),
(37, 14, 4, 1),
(37, 15, 4, 1),
(37, 16, 4, 1),
(37, 17, 4, 1),
(37, 18, 4, 1),
(37, 19, 4, 1),
(37, 20, 4, 1),
(38, 1, 4, 1),
(38, 2, 4, 1),
(38, 3, 4, 1),
(38, 4, 4, 1),
(38, 5, 4, 1),
(38, 6, 4, 1),
(38, 8, 4, 1),
(38, 9, 4, 1),
(38, 10, 4, 1),
(38, 11, 4, 1),
(38, 12, 4, 1),
(38, 14, 4, 1),
(38, 15, 4, 1),
(38, 17, 4, 1),
(38, 18, 4, 1),
(38, 19, 4, 1),
(38, 20, 4, 1),
(1, 1, 5, 1),
(1, 2, 5, 1),
(1, 7, 5, 1),
(1, 8, 5, 1),
(1, 9, 5, 1),
(1, 11, 5, 1),
(1, 15, 5, 1),
(1, 16, 5, 1),
(1, 18, 5, 1),
(2, 1, 5, 1),
(2, 4, 5, 1),
(2, 5, 5, 1),
(2, 7, 5, 1),
(2, 9, 5, 1),
(2, 12, 5, 1),
(2, 13, 5, 1),
(2, 16, 5, 1),
(2, 19, 5, 1),
(2, 20, 5, 1),
(3, 1, 5, 1),
(3, 7, 5, 1),
(3, 8, 5, 1),
(3, 9, 5, 1),
(3, 15, 5, 1),
(3, 16, 5, 1),
(4, 1, 5, 1),
(4, 8, 5, 1),
(4, 9, 5, 1),
(4, 15, 5, 1),
(4, 16, 5, 1),
(5, 1, 5, 1),
(5, 2, 5, 1),
(5, 4, 5, 1),
(5, 5, 5, 1),
(5, 7, 5, 1),
(5, 8, 5, 1),
(5, 9, 5, 1),
(5, 11, 5, 1),
(5, 12, 5, 1),
(5, 13, 5, 1),
(5, 15, 5, 1),
(5, 16, 5, 1),
(5, 18, 5, 1),
(5, 19, 5, 1),
(5, 20, 5, 1),
(6, 1, 5, 1),
(6, 2, 5, 1),
(6, 4, 5, 1),
(6, 5, 5, 1),
(6, 7, 5, 1),
(6, 9, 5, 1),
(6, 11, 5, 1),
(6, 12, 5, 1),
(6, 13, 5, 1),
(6, 16, 5, 1),
(6, 18, 5, 1),
(6, 19, 5, 1),
(6, 20, 5, 1),
(7, 2, 5, 1),
(7, 4, 5, 1),
(7, 5, 5, 1),
(7, 8, 5, 1),
(7, 11, 5, 1),
(7, 12, 5, 1),
(7, 13, 5, 1),
(7, 15, 5, 1),
(7, 18, 5, 1),
(7, 19, 5, 1),
(7, 20, 5, 1),
(9, 1, 5, 1),
(9, 2, 5, 1),
(9, 4, 5, 1),
(9, 5, 5, 1),
(9, 7, 5, 1),
(9, 9, 5, 1),
(9, 11, 5, 1),
(9, 12, 5, 1),
(9, 13, 5, 1),
(9, 16, 5, 1),
(9, 18, 5, 1),
(9, 19, 5, 1),
(9, 20, 5, 1),
(10, 2, 5, 1),
(10, 5, 5, 1),
(10, 7, 5, 1),
(10, 8, 5, 1),
(10, 11, 5, 1),
(10, 12, 5, 1),
(10, 13, 5, 1),
(10, 15, 5, 1),
(10, 18, 5, 1),
(10, 19, 5, 1),
(10, 20, 5, 1),
(11, 1, 5, 1),
(11, 4, 5, 1),
(11, 5, 5, 1),
(11, 7, 5, 1),
(11, 9, 5, 1),
(11, 12, 5, 1),
(11, 13, 5, 1),
(11, 16, 5, 1),
(11, 19, 5, 1),
(11, 20, 5, 1),
(12, 2, 5, 1),
(12, 4, 5, 1),
(12, 5, 5, 1),
(12, 7, 5, 1),
(12, 8, 5, 1),
(12, 11, 5, 1),
(12, 12, 5, 1),
(12, 13, 5, 1),
(12, 15, 5, 1),
(12, 18, 5, 1),
(13, 2, 5, 1),
(13, 4, 5, 1),
(13, 5, 5, 1),
(13, 7, 5, 1),
(13, 8, 5, 1),
(13, 11, 5, 1),
(13, 12, 5, 1),
(13, 13, 5, 1),
(13, 15, 5, 1),
(13, 18, 5, 1),
(13, 19, 5, 1),
(13, 20, 5, 1),
(14, 1, 5, 1),
(14, 2, 5, 1),
(14, 7, 5, 1),
(14, 9, 5, 1),
(14, 11, 5, 1),
(14, 16, 5, 1),
(14, 18, 5, 1),
(15, 1, 5, 1),
(15, 2, 5, 1),
(15, 4, 5, 1),
(15, 7, 5, 1),
(15, 8, 5, 1),
(15, 9, 5, 1),
(15, 11, 5, 1),
(15, 12, 5, 1),
(15, 15, 5, 1),
(15, 16, 5, 1),
(15, 18, 5, 1),
(15, 19, 5, 1),
(17, 1, 5, 1),
(17, 2, 5, 1),
(17, 4, 5, 1),
(17, 5, 5, 1),
(17, 7, 5, 1),
(17, 8, 5, 1),
(17, 9, 5, 1),
(17, 11, 5, 1),
(17, 12, 5, 1),
(17, 13, 5, 1),
(17, 15, 5, 1),
(17, 16, 5, 1),
(17, 18, 5, 1),
(17, 19, 5, 1),
(17, 20, 5, 1),
(18, 1, 5, 1),
(18, 2, 5, 1),
(18, 4, 5, 1),
(18, 7, 5, 1),
(18, 8, 5, 1),
(18, 9, 5, 1),
(18, 11, 5, 1),
(18, 12, 5, 1),
(18, 15, 5, 1),
(18, 16, 5, 1),
(18, 18, 5, 1),
(18, 19, 5, 1),
(20, 1, 5, 1),
(20, 2, 5, 1),
(20, 4, 5, 1),
(20, 5, 5, 1),
(20, 7, 5, 1),
(20, 8, 5, 1),
(20, 9, 5, 1),
(20, 11, 5, 1),
(20, 12, 5, 1),
(20, 13, 5, 1),
(20, 15, 5, 1),
(20, 16, 5, 1),
(20, 18, 5, 1),
(20, 19, 5, 1),
(20, 20, 5, 1),
(21, 5, 5, 1),
(21, 7, 5, 1),
(21, 8, 5, 1),
(21, 13, 5, 1),
(21, 15, 5, 1),
(21, 20, 5, 1),
(22, 1, 5, 1),
(22, 4, 5, 1),
(22, 5, 5, 1),
(22, 8, 5, 1),
(22, 9, 5, 1),
(22, 12, 5, 1),
(22, 13, 5, 1),
(22, 15, 5, 1),
(22, 16, 5, 1),
(22, 19, 5, 1),
(22, 20, 5, 1),
(23, 1, 5, 1),
(23, 2, 5, 1),
(23, 4, 5, 1),
(23, 5, 5, 1),
(23, 7, 5, 1),
(23, 8, 5, 1),
(23, 9, 5, 1),
(23, 11, 5, 1),
(23, 12, 5, 1),
(23, 13, 5, 1),
(23, 15, 5, 1),
(23, 16, 5, 1),
(23, 18, 5, 1),
(23, 19, 5, 1),
(23, 20, 5, 1),
(25, 1, 5, 1),
(25, 4, 5, 1),
(25, 5, 5, 1),
(25, 8, 5, 1),
(25, 9, 5, 1),
(25, 12, 5, 1),
(25, 13, 5, 1),
(25, 15, 5, 1),
(25, 16, 5, 1),
(25, 19, 5, 1),
(25, 20, 5, 1),
(26, 1, 5, 1),
(26, 2, 5, 1),
(26, 4, 5, 1),
(26, 5, 5, 1),
(26, 7, 5, 1),
(26, 8, 5, 1),
(26, 9, 5, 1),
(26, 11, 5, 1),
(26, 12, 5, 1),
(26, 13, 5, 1),
(26, 15, 5, 1),
(26, 16, 5, 1),
(26, 18, 5, 1),
(26, 19, 5, 1),
(26, 20, 5, 1),
(27, 1, 5, 1),
(27, 2, 5, 1),
(27, 4, 5, 1),
(27, 7, 5, 1),
(27, 9, 5, 1),
(27, 11, 5, 1),
(27, 12, 5, 1),
(27, 16, 5, 1),
(27, 18, 5, 1),
(27, 19, 5, 1),
(28, 1, 5, 1),
(28, 2, 5, 1),
(28, 4, 5, 1),
(28, 5, 5, 1),
(28, 7, 5, 1),
(28, 8, 5, 1),
(28, 9, 5, 1),
(28, 11, 5, 1),
(28, 12, 5, 1),
(28, 13, 5, 1),
(28, 15, 5, 1),
(28, 16, 5, 1),
(28, 18, 5, 1),
(28, 19, 5, 1),
(28, 20, 5, 1),
(29, 2, 5, 1),
(29, 5, 5, 1),
(29, 7, 5, 1),
(29, 11, 5, 1),
(29, 13, 5, 1),
(29, 18, 5, 1),
(29, 20, 5, 1),
(30, 1, 5, 1),
(30, 4, 5, 1),
(30, 5, 5, 1),
(30, 7, 5, 1),
(30, 9, 5, 1),
(30, 12, 5, 1),
(30, 13, 5, 1),
(30, 16, 5, 1),
(30, 19, 5, 1),
(30, 20, 5, 1),
(31, 1, 5, 1),
(31, 2, 5, 1),
(31, 4, 5, 1),
(31, 5, 5, 1),
(31, 7, 5, 1),
(31, 8, 5, 1),
(31, 9, 5, 1),
(31, 11, 5, 1),
(31, 12, 5, 1),
(31, 13, 5, 1),
(31, 15, 5, 1),
(31, 16, 5, 1),
(31, 18, 5, 1),
(31, 19, 5, 1),
(31, 20, 5, 1),
(33, 1, 5, 1),
(33, 2, 5, 1),
(33, 5, 5, 1),
(33, 7, 5, 1),
(33, 8, 5, 1),
(33, 9, 5, 1),
(33, 11, 5, 1),
(33, 13, 5, 1),
(33, 15, 5, 1),
(33, 16, 5, 1),
(33, 18, 5, 1),
(33, 20, 5, 1),
(34, 2, 5, 1),
(34, 4, 5, 1),
(34, 8, 5, 1),
(34, 11, 5, 1),
(34, 12, 5, 1),
(34, 15, 5, 1),
(34, 18, 5, 1),
(34, 19, 5, 1),
(35, 1, 5, 1),
(35, 2, 5, 1),
(35, 4, 5, 1),
(35, 5, 5, 1),
(35, 7, 5, 1),
(35, 8, 5, 1),
(35, 9, 5, 1),
(35, 11, 5, 1),
(35, 12, 5, 1),
(35, 13, 5, 1),
(35, 15, 5, 1),
(35, 16, 5, 1),
(35, 18, 5, 1),
(35, 19, 5, 1),
(35, 20, 5, 1),
(36, 1, 5, 1),
(36, 4, 5, 1),
(36, 8, 5, 1),
(36, 9, 5, 1),
(36, 12, 5, 1),
(36, 15, 5, 1),
(36, 16, 5, 1),
(36, 19, 5, 1),
(37, 1, 5, 1),
(37, 2, 5, 1),
(37, 4, 5, 1),
(37, 9, 5, 1),
(37, 11, 5, 1),
(37, 12, 5, 1),
(37, 16, 5, 1),
(37, 18, 5, 1),
(37, 19, 5, 1),
(38, 1, 5, 1),
(38, 2, 5, 1),
(38, 4, 5, 1),
(38, 5, 5, 1),
(38, 7, 5, 1),
(38, 8, 5, 1),
(38, 9, 5, 1),
(38, 11, 5, 1),
(38, 12, 5, 1),
(38, 13, 5, 1),
(38, 15, 5, 1),
(38, 16, 5, 1),
(38, 18, 5, 1),
(38, 19, 5, 1),
(38, 20, 5, 1),
(1, 4, 6, 1),
(1, 5, 6, 1),
(1, 6, 6, 1),
(1, 7, 6, 1),
(1, 8, 6, 1),
(1, 9, 6, 1),
(1, 10, 6, 1),
(1, 11, 6, 1),
(2, 5, 6, 1),
(2, 6, 6, 1),
(2, 7, 6, 1),
(2, 8, 6, 1),
(2, 9, 6, 1),
(2, 10, 6, 1),
(2, 11, 6, 1),
(3, 1, 6, 1),
(3, 5, 6, 1),
(3, 7, 6, 1),
(3, 8, 6, 1),
(3, 10, 6, 1),
(3, 11, 6, 1),
(4, 1, 6, 1),
(4, 5, 6, 1),
(4, 7, 6, 1),
(4, 8, 6, 1),
(4, 10, 6, 1),
(4, 11, 6, 1),
(5, 1, 6, 1),
(5, 4, 6, 1),
(5, 5, 6, 1),
(5, 6, 6, 1),
(5, 11, 6, 1),
(5, 12, 6, 1),
(5, 13, 6, 1),
(6, 1, 6, 1),
(6, 4, 6, 1),
(6, 5, 6, 1),
(6, 6, 6, 1),
(6, 7, 6, 1),
(6, 8, 6, 1),
(6, 9, 6, 1),
(6, 12, 6, 1),
(6, 13, 6, 1),
(7, 1, 6, 1),
(7, 4, 6, 1),
(7, 5, 6, 1),
(7, 7, 6, 1),
(7, 8, 6, 1),
(7, 9, 6, 1),
(7, 12, 6, 1),
(7, 13, 6, 1),
(8, 1, 6, 1),
(8, 7, 6, 1),
(8, 8, 6, 1),
(8, 9, 6, 1),
(8, 12, 6, 1),
(8, 13, 6, 1),
(9, 1, 6, 1),
(9, 2, 6, 1),
(9, 3, 6, 1),
(9, 4, 6, 1),
(9, 5, 6, 1),
(9, 7, 6, 1),
(9, 8, 6, 1),
(9, 9, 6, 1),
(9, 12, 6, 1),
(9, 13, 6, 1),
(10, 1, 6, 1),
(10, 2, 6, 1),
(10, 3, 6, 1),
(10, 4, 6, 1),
(10, 5, 6, 1),
(10, 6, 6, 1),
(10, 7, 6, 1),
(10, 8, 6, 1),
(10, 9, 6, 1),
(10, 12, 6, 1),
(10, 13, 6, 1),
(11, 1, 6, 1),
(11, 2, 6, 1),
(11, 3, 6, 1),
(11, 4, 6, 1),
(11, 5, 6, 1),
(11, 6, 6, 1),
(11, 12, 6, 1),
(11, 13, 6, 1),
(12, 1, 6, 1),
(12, 2, 6, 1),
(12, 3, 6, 1),
(12, 4, 6, 1),
(12, 5, 6, 1),
(12, 7, 6, 1),
(12, 8, 6, 1),
(12, 11, 6, 1),
(12, 12, 6, 1),
(12, 13, 6, 1),
(13, 1, 6, 1),
(13, 2, 6, 1),
(13, 3, 6, 1),
(13, 4, 6, 1),
(13, 5, 6, 1),
(13, 7, 6, 1),
(13, 8, 6, 1),
(13, 10, 6, 1),
(13, 11, 6, 1),
(13, 12, 6, 1),
(13, 13, 6, 1),
(14, 2, 6, 1),
(14, 3, 6, 1),
(14, 4, 6, 1),
(14, 5, 6, 1),
(14, 7, 6, 1),
(14, 8, 6, 1),
(14, 9, 6, 1),
(14, 10, 6, 1),
(15, 2, 6, 1),
(15, 3, 6, 1),
(15, 4, 6, 1),
(15, 5, 6, 1),
(15, 6, 6, 1),
(15, 7, 6, 1),
(15, 8, 6, 1),
(15, 9, 6, 1),
(15, 10, 6, 1),
(16, 2, 6, 1),
(16, 3, 6, 1),
(16, 5, 6, 1),
(16, 6, 6, 1),
(16, 7, 6, 1),
(16, 8, 6, 1),
(16, 10, 6, 1),
(17, 2, 6, 1),
(17, 3, 6, 1),
(17, 5, 6, 1),
(17, 6, 6, 1),
(17, 7, 6, 1),
(17, 8, 6, 1),
(17, 10, 6, 1),
(18, 3, 6, 1),
(18, 5, 6, 1),
(18, 6, 6, 1),
(18, 7, 6, 1),
(18, 8, 6, 1),
(18, 10, 6, 1),
(1, 2, 7, 1),
(1, 3, 7, 1),
(1, 4, 7, 1),
(1, 5, 7, 1),
(1, 6, 7, 1),
(1, 7, 7, 1),
(1, 9, 7, 1),
(1, 10, 7, 1),
(1, 11, 7, 1),
(1, 12, 7, 1),
(1, 13, 7, 1),
(1, 14, 7, 1),
(1, 15, 7, 1),
(1, 16, 7, 1),
(1, 17, 7, 1),
(1, 18, 7, 1),
(2, 2, 7, 1),
(2, 3, 7, 1),
(2, 4, 7, 1),
(2, 5, 7, 1),
(2, 6, 7, 1),
(2, 7, 7, 1),
(2, 9, 7, 1),
(2, 10, 7, 1),
(2, 11, 7, 1),
(2, 13, 7, 1),
(2, 14, 7, 1),
(2, 15, 7, 1),
(2, 16, 7, 1),
(2, 17, 7, 1),
(2, 18, 7, 1),
(3, 2, 7, 1),
(3, 3, 7, 1),
(3, 4, 7, 1),
(3, 5, 7, 1),
(3, 6, 7, 1),
(3, 7, 7, 1),
(3, 9, 7, 1),
(3, 10, 7, 1),
(3, 11, 7, 1),
(3, 13, 7, 1),
(3, 14, 7, 1),
(3, 15, 7, 1),
(3, 16, 7, 1),
(3, 17, 7, 1),
(3, 18, 7, 1),
(4, 1, 7, 1),
(4, 2, 7, 1),
(4, 3, 7, 1),
(4, 4, 7, 1),
(4, 7, 7, 1),
(4, 8, 7, 1),
(4, 9, 7, 1),
(4, 10, 7, 1),
(4, 11, 7, 1),
(4, 12, 7, 1),
(4, 13, 7, 1),
(4, 14, 7, 1),
(4, 16, 7, 1),
(4, 18, 7, 1),
(5, 1, 7, 1),
(5, 2, 7, 1),
(5, 3, 7, 1),
(5, 4, 7, 1),
(5, 7, 7, 1),
(5, 8, 7, 1),
(5, 12, 7, 1),
(5, 13, 7, 1),
(5, 16, 7, 1),
(5, 18, 7, 1),
(6, 1, 7, 1),
(6, 2, 7, 1),
(6, 3, 7, 1),
(6, 4, 7, 1),
(6, 5, 7, 1),
(6, 7, 7, 1),
(6, 8, 7, 1),
(6, 9, 7, 1),
(6, 12, 7, 1),
(6, 13, 7, 1),
(6, 14, 7, 1),
(6, 15, 7, 1),
(6, 16, 7, 1),
(6, 17, 7, 1),
(6, 18, 7, 1),
(7, 1, 7, 1),
(7, 2, 7, 1),
(7, 3, 7, 1),
(7, 4, 7, 1),
(7, 5, 7, 1),
(7, 6, 7, 1),
(7, 7, 7, 1),
(7, 8, 7, 1),
(7, 9, 7, 1),
(7, 10, 7, 1),
(7, 11, 7, 1),
(7, 12, 7, 1),
(7, 13, 7, 1),
(7, 14, 7, 1),
(7, 15, 7, 1),
(7, 16, 7, 1),
(7, 18, 7, 1),
(8, 1, 7, 1),
(8, 2, 7, 1),
(8, 3, 7, 1),
(8, 4, 7, 1),
(8, 5, 7, 1),
(8, 6, 7, 1),
(8, 7, 7, 1),
(8, 8, 7, 1),
(8, 9, 7, 1),
(8, 10, 7, 1),
(8, 11, 7, 1),
(8, 13, 7, 1),
(8, 14, 7, 1),
(8, 15, 7, 1),
(8, 16, 7, 1),
(8, 17, 7, 1),
(8, 18, 7, 1),
(9, 1, 7, 1),
(9, 2, 7, 1),
(9, 3, 7, 1),
(9, 4, 7, 1),
(9, 5, 7, 1),
(9, 6, 7, 1),
(9, 7, 7, 1),
(9, 8, 7, 1),
(9, 9, 7, 1),
(9, 10, 7, 1),
(9, 11, 7, 1),
(9, 13, 7, 1),
(9, 14, 7, 1),
(9, 15, 7, 1),
(9, 16, 7, 1),
(9, 17, 7, 1),
(9, 18, 7, 1),
(10, 1, 7, 1),
(10, 2, 7, 1),
(10, 3, 7, 1),
(10, 4, 7, 1),
(10, 5, 7, 1),
(10, 6, 7, 1),
(10, 7, 7, 1),
(10, 8, 7, 1),
(10, 9, 7, 1),
(10, 10, 7, 1),
(10, 11, 7, 1),
(10, 12, 7, 1),
(10, 13, 7, 1),
(10, 14, 7, 1),
(10, 15, 7, 1),
(10, 16, 7, 1),
(10, 17, 7, 1),
(10, 18, 7, 1),
(11, 3, 7, 1),
(11, 5, 7, 1),
(11, 6, 7, 1),
(11, 7, 7, 1),
(11, 8, 7, 1),
(11, 10, 7, 1),
(11, 11, 7, 1),
(11, 12, 7, 1),
(11, 13, 7, 1),
(11, 14, 7, 1),
(11, 16, 7, 1),
(11, 18, 7, 1),
(12, 1, 7, 1),
(12, 2, 7, 1),
(12, 3, 7, 1),
(12, 4, 7, 1),
(12, 5, 7, 1),
(12, 6, 7, 1),
(12, 7, 7, 1),
(12, 11, 7, 1),
(12, 12, 7, 1),
(12, 13, 7, 1),
(13, 1, 7, 1),
(13, 2, 7, 1),
(13, 3, 7, 1),
(13, 4, 7, 1),
(13, 5, 7, 1),
(13, 6, 7, 1),
(13, 8, 7, 1),
(13, 9, 7, 1),
(13, 10, 7, 1),
(13, 11, 7, 1),
(13, 12, 7, 1),
(13, 13, 7, 1),
(13, 14, 7, 1),
(13, 16, 7, 1),
(13, 18, 7, 1),
(14, 1, 7, 1),
(14, 2, 7, 1),
(14, 3, 7, 1),
(14, 4, 7, 1),
(14, 8, 7, 1),
(14, 9, 7, 1),
(14, 10, 7, 1),
(14, 11, 7, 1),
(14, 12, 7, 1),
(14, 13, 7, 1),
(14, 15, 7, 1),
(14, 16, 7, 1),
(14, 17, 7, 1),
(14, 18, 7, 1),
(15, 1, 7, 1),
(15, 2, 7, 1),
(15, 3, 7, 1),
(15, 4, 7, 1),
(15, 5, 7, 1),
(15, 7, 7, 1),
(15, 8, 7, 1),
(15, 9, 7, 1),
(15, 10, 7, 1),
(15, 12, 7, 1),
(15, 13, 7, 1),
(15, 14, 7, 1),
(15, 15, 7, 1),
(15, 16, 7, 1),
(15, 17, 7, 1),
(15, 18, 7, 1),
(16, 1, 7, 1),
(16, 2, 7, 1),
(16, 3, 7, 1),
(16, 4, 7, 1),
(16, 5, 7, 1),
(16, 8, 7, 1),
(16, 12, 7, 1),
(16, 13, 7, 1),
(16, 14, 7, 1),
(16, 15, 7, 1),
(16, 16, 7, 1),
(16, 17, 7, 1),
(16, 18, 7, 1),
(17, 1, 7, 1),
(17, 2, 7, 1),
(17, 3, 7, 1),
(17, 4, 7, 1),
(17, 5, 7, 1),
(17, 8, 7, 1),
(17, 12, 7, 1),
(17, 13, 7, 1),
(17, 14, 7, 1),
(17, 15, 7, 1),
(17, 16, 7, 1),
(17, 17, 7, 1),
(17, 18, 7, 1),
(18, 18, 7, 1),
(19, 2, 7, 1),
(19, 3, 7, 1),
(19, 4, 7, 1),
(19, 5, 7, 1),
(19, 6, 7, 1),
(19, 7, 7, 1),
(19, 8, 7, 1),
(19, 9, 7, 1),
(19, 12, 7, 1),
(19, 13, 7, 1),
(19, 14, 7, 1),
(19, 15, 7, 1),
(19, 16, 7, 1),
(19, 17, 7, 1),
(19, 18, 7, 1),
(20, 2, 7, 1),
(20, 3, 7, 1),
(20, 4, 7, 1),
(20, 5, 7, 1),
(20, 6, 7, 1),
(20, 7, 7, 1),
(20, 8, 7, 1),
(20, 9, 7, 1),
(20, 12, 7, 1),
(20, 13, 7, 1),
(20, 14, 7, 1),
(20, 15, 7, 1),
(20, 16, 7, 1),
(20, 17, 7, 1),
(20, 18, 7, 1),
(21, 2, 7, 1),
(21, 3, 7, 1),
(21, 4, 7, 1),
(21, 5, 7, 1),
(21, 8, 7, 1),
(21, 9, 7, 1),
(21, 10, 7, 1),
(21, 12, 7, 1),
(21, 13, 7, 1),
(21, 14, 7, 1),
(21, 15, 7, 1),
(21, 16, 7, 1),
(21, 17, 7, 1),
(21, 18, 7, 1),
(22, 4, 7, 1),
(22, 5, 7, 1),
(22, 6, 7, 1),
(22, 11, 7, 1),
(22, 12, 7, 1),
(22, 13, 7, 1),
(22, 14, 7, 1),
(22, 15, 7, 1),
(22, 16, 7, 1),
(22, 17, 7, 1),
(22, 18, 7, 1),
(23, 2, 7, 1),
(23, 3, 7, 1),
(23, 4, 7, 1),
(23, 5, 7, 1),
(23, 6, 7, 1),
(23, 8, 7, 1),
(23, 9, 7, 1),
(23, 10, 7, 1),
(23, 11, 7, 1),
(23, 12, 7, 1),
(23, 13, 7, 1),
(23, 14, 7, 1),
(23, 15, 7, 1),
(23, 16, 7, 1),
(23, 17, 7, 1),
(23, 18, 7, 1),
(24, 3, 7, 1),
(24, 4, 7, 1),
(24, 5, 7, 1),
(24, 6, 7, 1),
(24, 7, 7, 1),
(24, 8, 7, 1),
(24, 9, 7, 1),
(24, 10, 7, 1),
(24, 11, 7, 1),
(24, 12, 7, 1),
(24, 13, 7, 1),
(24, 14, 7, 1),
(24, 15, 7, 1),
(24, 16, 7, 1),
(24, 17, 7, 1),
(24, 18, 7, 1),
(25, 1, 7, 1),
(25, 2, 7, 1),
(25, 3, 7, 1),
(25, 4, 7, 1),
(25, 5, 7, 1),
(25, 6, 7, 1),
(25, 7, 7, 1),
(25, 8, 7, 1),
(25, 9, 7, 1),
(25, 10, 7, 1),
(25, 11, 7, 1),
(25, 12, 7, 1),
(25, 13, 7, 1),
(25, 14, 7, 1),
(25, 15, 7, 1),
(25, 16, 7, 1),
(25, 17, 7, 1),
(25, 18, 7, 1),
(26, 1, 7, 1),
(26, 2, 7, 1),
(26, 3, 7, 1),
(26, 4, 7, 1),
(26, 5, 7, 1),
(26, 6, 7, 1),
(26, 7, 7, 1),
(26, 8, 7, 1),
(26, 9, 7, 1),
(26, 10, 7, 1),
(26, 11, 7, 1),
(26, 12, 7, 1),
(26, 13, 7, 1),
(26, 14, 7, 1),
(26, 15, 7, 1),
(26, 16, 7, 1),
(26, 17, 7, 1),
(26, 18, 7, 1),
(27, 1, 7, 1),
(27, 2, 7, 1),
(27, 3, 7, 1),
(27, 4, 7, 1),
(27, 5, 7, 1),
(27, 6, 7, 1),
(27, 7, 7, 1),
(27, 8, 7, 1),
(27, 9, 7, 1),
(27, 10, 7, 1),
(27, 12, 7, 1),
(27, 18, 7, 1),
(28, 5, 7, 1),
(28, 6, 7, 1),
(28, 7, 7, 1),
(28, 8, 7, 1),
(28, 9, 7, 1),
(28, 10, 7, 1),
(28, 12, 7, 1),
(28, 13, 7, 1),
(28, 17, 7, 1),
(29, 5, 7, 1),
(29, 8, 7, 1),
(29, 9, 7, 1),
(29, 10, 7, 1),
(29, 12, 7, 1),
(29, 18, 7, 1),
(30, 1, 7, 1),
(30, 2, 7, 1),
(30, 3, 7, 1),
(30, 4, 7, 1),
(30, 5, 7, 1),
(30, 9, 7, 1),
(30, 12, 7, 1),
(30, 18, 7, 1),
(31, 1, 7, 1),
(31, 2, 7, 1),
(31, 3, 7, 1),
(31, 4, 7, 1),
(31, 5, 7, 1),
(31, 8, 7, 1),
(31, 9, 7, 1),
(31, 10, 7, 1),
(31, 12, 7, 1),
(31, 13, 7, 1),
(31, 17, 7, 1),
(31, 18, 7, 1),
(32, 1, 7, 1),
(32, 2, 7, 1),
(32, 3, 7, 1),
(32, 4, 7, 1),
(32, 5, 7, 1),
(32, 6, 7, 1),
(32, 7, 7, 1),
(32, 8, 7, 1),
(32, 9, 7, 1),
(32, 10, 7, 1),
(32, 12, 7, 1),
(32, 18, 7, 1),
(33, 1, 7, 1),
(33, 2, 7, 1),
(33, 3, 7, 1),
(33, 4, 7, 1),
(33, 5, 7, 1),
(33, 6, 7, 1),
(33, 7, 7, 1),
(33, 8, 7, 1),
(33, 9, 7, 1),
(33, 10, 7, 1),
(33, 11, 7, 1),
(33, 12, 7, 1),
(33, 13, 7, 1),
(33, 14, 7, 1),
(33, 15, 7, 1),
(33, 16, 7, 1),
(33, 17, 7, 1),
(33, 18, 7, 1),
(34, 1, 7, 1),
(34, 2, 7, 1),
(34, 3, 7, 1),
(34, 4, 7, 1),
(34, 5, 7, 1),
(34, 6, 7, 1),
(34, 7, 7, 1),
(34, 8, 7, 1),
(34, 9, 7, 1),
(34, 10, 7, 1),
(34, 11, 7, 1),
(34, 12, 7, 1),
(34, 13, 7, 1),
(34, 14, 7, 1),
(34, 15, 7, 1),
(34, 16, 7, 1),
(34, 17, 7, 1),
(34, 18, 7, 1),
(35, 1, 7, 1),
(35, 2, 7, 1),
(35, 3, 7, 1),
(35, 4, 7, 1),
(35, 5, 7, 1),
(35, 6, 7, 1),
(35, 7, 7, 1),
(35, 8, 7, 1),
(35, 9, 7, 1),
(35, 10, 7, 1),
(35, 11, 7, 1),
(35, 12, 7, 1),
(35, 13, 7, 1),
(35, 14, 7, 1),
(35, 15, 7, 1),
(35, 16, 7, 1),
(35, 17, 7, 1),
(35, 18, 7, 1),
(36, 1, 7, 1),
(36, 2, 7, 1),
(36, 3, 7, 1),
(36, 4, 7, 1),
(36, 9, 7, 1),
(36, 10, 7, 1),
(36, 11, 7, 1),
(36, 12, 7, 1),
(36, 13, 7, 1),
(36, 14, 7, 1),
(36, 15, 7, 1),
(36, 16, 7, 1),
(36, 17, 7, 1),
(36, 18, 7, 1),
(37, 3, 7, 1),
(37, 4, 7, 1),
(37, 7, 7, 1),
(37, 8, 7, 1),
(37, 9, 7, 1),
(37, 10, 7, 1),
(37, 11, 7, 1),
(37, 12, 7, 1),
(37, 13, 7, 1),
(37, 14, 7, 1),
(37, 15, 7, 1),
(37, 16, 7, 1),
(37, 17, 7, 1),
(37, 18, 7, 1),
(38, 3, 7, 1),
(38, 4, 7, 1),
(38, 9, 7, 1),
(38, 10, 7, 1),
(38, 12, 7, 1),
(38, 13, 7, 1),
(38, 14, 7, 1),
(38, 15, 7, 1),
(38, 16, 7, 1),
(2, 2, 1, 2),
(2, 2, 2, 2),
(38, 17, 3, 2),
(5, 19, 4, 2),
(12, 20, 5, 2),
(1, 1, 6, 2),
(38, 1, 7, 2),
(0, 0, 1, 3),
(0, 1, 1, 3),
(0, 2, 1, 3),
(0, 3, 1, 3),
(0, 4, 1, 3),
(1, 0, 1, 3),
(1, 4, 1, 3),
(2, 0, 1, 3),
(2, 4, 1, 3),
(3, 0, 1, 3),
(3, 4, 1, 3),
(4, 0, 1, 3),
(4, 1, 1, 3),
(4, 2, 1, 3),
(4, 3, 1, 3),
(4, 4, 1, 3),
(0, 0, 2, 3),
(0, 1, 2, 3),
(0, 2, 2, 3),
(0, 3, 2, 3),
(0, 4, 2, 3),
(0, 5, 2, 3),
(0, 6, 2, 3),
(0, 7, 2, 3),
(0, 8, 2, 3),
(0, 9, 2, 3),
(1, 0, 2, 3),
(1, 9, 2, 3),
(2, 0, 2, 3),
(2, 9, 2, 3),
(3, 0, 2, 3),
(3, 9, 2, 3),
(4, 0, 2, 3),
(4, 9, 2, 3),
(5, 0, 2, 3),
(5, 9, 2, 3),
(6, 0, 2, 3),
(6, 9, 2, 3),
(7, 0, 2, 3),
(7, 9, 2, 3),
(8, 0, 2, 3),
(8, 9, 2, 3),
(9, 0, 2, 3),
(9, 1, 2, 3),
(9, 2, 2, 3),
(9, 3, 2, 3),
(9, 4, 2, 3),
(9, 5, 2, 3),
(9, 6, 2, 3),
(9, 7, 2, 3),
(9, 8, 2, 3),
(9, 9, 2, 3),
(0, 0, 3, 3),
(0, 1, 3, 3),
(0, 2, 3, 3),
(0, 3, 3, 3),
(0, 4, 3, 3),
(0, 5, 3, 3),
(0, 6, 3, 3),
(0, 7, 3, 3),
(0, 8, 3, 3),
(0, 9, 3, 3),
(0, 10, 3, 3),
(0, 11, 3, 3),
(0, 12, 3, 3),
(0, 13, 3, 3),
(0, 14, 3, 3),
(0, 15, 3, 3),
(0, 16, 3, 3),
(0, 17, 3, 3),
(0, 18, 3, 3),
(0, 19, 3, 3),
(0, 20, 3, 3),
(0, 21, 3, 3),
(1, 0, 3, 3),
(1, 21, 3, 3),
(2, 0, 3, 3),
(2, 21, 3, 3),
(3, 0, 3, 3),
(3, 21, 3, 3),
(4, 0, 3, 3),
(4, 21, 3, 3),
(5, 0, 3, 3),
(5, 21, 3, 3),
(6, 0, 3, 3),
(6, 21, 3, 3),
(7, 0, 3, 3),
(7, 21, 3, 3),
(8, 0, 3, 3),
(8, 21, 3, 3),
(9, 0, 3, 3),
(9, 21, 3, 3),
(10, 0, 3, 3),
(10, 21, 3, 3),
(11, 0, 3, 3),
(11, 21, 3, 3),
(12, 0, 3, 3),
(12, 21, 3, 3),
(13, 0, 3, 3),
(13, 21, 3, 3),
(14, 0, 3, 3),
(14, 21, 3, 3),
(15, 0, 3, 3),
(15, 21, 3, 3),
(16, 0, 3, 3),
(16, 21, 3, 3),
(17, 0, 3, 3),
(17, 21, 3, 3),
(18, 0, 3, 3),
(18, 21, 3, 3),
(19, 0, 3, 3),
(19, 21, 3, 3),
(20, 0, 3, 3),
(20, 21, 3, 3),
(21, 0, 3, 3),
(21, 21, 3, 3),
(22, 0, 3, 3),
(22, 21, 3, 3),
(23, 0, 3, 3),
(23, 21, 3, 3),
(24, 0, 3, 3),
(24, 21, 3, 3),
(25, 0, 3, 3),
(25, 21, 3, 3),
(26, 0, 3, 3),
(26, 21, 3, 3),
(27, 0, 3, 3),
(27, 21, 3, 3),
(28, 0, 3, 3),
(28, 21, 3, 3),
(29, 0, 3, 3),
(29, 21, 3, 3),
(30, 0, 3, 3),
(30, 21, 3, 3),
(31, 0, 3, 3),
(31, 21, 3, 3),
(32, 0, 3, 3),
(32, 21, 3, 3),
(33, 0, 3, 3),
(33, 21, 3, 3),
(34, 0, 3, 3),
(34, 21, 3, 3),
(35, 0, 3, 3),
(35, 21, 3, 3),
(36, 0, 3, 3),
(36, 21, 3, 3),
(37, 0, 3, 3),
(37, 21, 3, 3),
(38, 0, 3, 3),
(38, 21, 3, 3),
(39, 0, 3, 3),
(39, 1, 3, 3),
(39, 2, 3, 3),
(39, 3, 3, 3),
(39, 4, 3, 3),
(39, 5, 3, 3),
(39, 6, 3, 3),
(39, 7, 3, 3),
(39, 8, 3, 3),
(39, 9, 3, 3),
(39, 10, 3, 3),
(39, 11, 3, 3),
(39, 12, 3, 3),
(39, 13, 3, 3),
(39, 14, 3, 3),
(39, 15, 3, 3),
(39, 16, 3, 3),
(39, 17, 3, 3),
(39, 18, 3, 3),
(39, 19, 3, 3),
(39, 20, 3, 3),
(39, 21, 3, 3),
(0, 0, 4, 3),
(0, 1, 4, 3),
(0, 2, 4, 3),
(0, 3, 4, 3),
(0, 4, 4, 3),
(0, 5, 4, 3),
(0, 6, 4, 3),
(0, 7, 4, 3),
(0, 8, 4, 3),
(0, 9, 4, 3),
(0, 10, 4, 3),
(0, 11, 4, 3),
(0, 12, 4, 3),
(0, 13, 4, 3),
(0, 14, 4, 3),
(0, 15, 4, 3),
(0, 16, 4, 3),
(0, 17, 4, 3),
(0, 18, 4, 3),
(0, 19, 4, 3),
(0, 20, 4, 3),
(0, 21, 4, 3),
(1, 0, 4, 3),
(1, 21, 4, 3),
(2, 0, 4, 3),
(2, 21, 4, 3),
(3, 0, 4, 3),
(3, 21, 4, 3),
(4, 0, 4, 3),
(4, 21, 4, 3),
(5, 0, 4, 3),
(5, 21, 4, 3),
(6, 0, 4, 3),
(6, 21, 4, 3),
(7, 0, 4, 3),
(7, 21, 4, 3),
(8, 0, 4, 3),
(8, 21, 4, 3),
(9, 0, 4, 3),
(9, 21, 4, 3),
(10, 0, 4, 3),
(10, 21, 4, 3),
(11, 0, 4, 3),
(11, 21, 4, 3),
(12, 0, 4, 3),
(12, 21, 4, 3),
(13, 0, 4, 3),
(13, 21, 4, 3),
(14, 0, 4, 3),
(14, 21, 4, 3),
(15, 0, 4, 3),
(15, 21, 4, 3),
(16, 0, 4, 3),
(16, 21, 4, 3),
(17, 0, 4, 3),
(17, 21, 4, 3),
(18, 0, 4, 3),
(18, 21, 4, 3),
(19, 0, 4, 3),
(19, 21, 4, 3),
(20, 0, 4, 3),
(20, 21, 4, 3),
(21, 0, 4, 3),
(21, 21, 4, 3),
(22, 0, 4, 3),
(22, 21, 4, 3),
(23, 0, 4, 3),
(23, 21, 4, 3),
(24, 0, 4, 3),
(24, 21, 4, 3),
(25, 0, 4, 3),
(25, 21, 4, 3),
(26, 0, 4, 3),
(26, 21, 4, 3),
(27, 0, 4, 3),
(27, 21, 4, 3),
(28, 0, 4, 3),
(28, 21, 4, 3),
(29, 0, 4, 3),
(29, 21, 4, 3),
(30, 0, 4, 3),
(30, 21, 4, 3),
(31, 0, 4, 3),
(31, 21, 4, 3),
(32, 0, 4, 3),
(32, 21, 4, 3),
(33, 0, 4, 3),
(33, 21, 4, 3),
(34, 0, 4, 3),
(34, 21, 4, 3),
(35, 0, 4, 3),
(35, 21, 4, 3),
(36, 0, 4, 3),
(36, 21, 4, 3),
(37, 0, 4, 3),
(37, 21, 4, 3),
(38, 0, 4, 3),
(38, 21, 4, 3),
(39, 0, 4, 3),
(39, 1, 4, 3),
(39, 2, 4, 3),
(39, 3, 4, 3),
(39, 4, 4, 3),
(39, 5, 4, 3),
(39, 6, 4, 3),
(39, 7, 4, 3),
(39, 8, 4, 3),
(39, 9, 4, 3),
(39, 10, 4, 3),
(39, 11, 4, 3),
(39, 12, 4, 3),
(39, 13, 4, 3),
(39, 14, 4, 3),
(39, 15, 4, 3),
(39, 16, 4, 3),
(39, 17, 4, 3),
(39, 18, 4, 3),
(39, 19, 4, 3),
(39, 20, 4, 3),
(39, 21, 4, 3),
(0, 0, 5, 3),
(0, 1, 5, 3),
(0, 2, 5, 3),
(0, 3, 5, 3),
(0, 4, 5, 3),
(0, 5, 5, 3),
(0, 6, 5, 3),
(0, 7, 5, 3),
(0, 8, 5, 3),
(0, 9, 5, 3),
(0, 10, 5, 3),
(0, 11, 5, 3),
(0, 12, 5, 3),
(0, 13, 5, 3),
(0, 14, 5, 3),
(0, 15, 5, 3),
(0, 16, 5, 3),
(0, 17, 5, 3),
(0, 18, 5, 3),
(0, 19, 5, 3),
(0, 20, 5, 3),
(0, 21, 5, 3),
(1, 0, 5, 3),
(1, 21, 5, 3),
(2, 0, 5, 3),
(2, 21, 5, 3),
(3, 0, 5, 3),
(3, 21, 5, 3),
(4, 0, 5, 3),
(4, 21, 5, 3),
(5, 0, 5, 3),
(5, 21, 5, 3),
(6, 0, 5, 3),
(6, 21, 5, 3),
(7, 0, 5, 3),
(7, 21, 5, 3),
(8, 0, 5, 3),
(8, 21, 5, 3),
(9, 0, 5, 3),
(9, 21, 5, 3),
(10, 0, 5, 3),
(10, 21, 5, 3),
(11, 0, 5, 3),
(11, 21, 5, 3),
(12, 0, 5, 3),
(12, 21, 5, 3),
(13, 0, 5, 3),
(13, 21, 5, 3),
(14, 0, 5, 3),
(14, 21, 5, 3),
(15, 0, 5, 3),
(15, 21, 5, 3),
(16, 0, 5, 3),
(16, 21, 5, 3),
(17, 0, 5, 3),
(17, 21, 5, 3),
(18, 0, 5, 3),
(18, 21, 5, 3),
(19, 0, 5, 3),
(19, 21, 5, 3),
(20, 0, 5, 3),
(20, 21, 5, 3),
(21, 0, 5, 3),
(21, 21, 5, 3),
(22, 0, 5, 3),
(22, 21, 5, 3),
(23, 0, 5, 3),
(23, 21, 5, 3),
(24, 0, 5, 3),
(24, 21, 5, 3),
(25, 0, 5, 3),
(25, 21, 5, 3),
(26, 0, 5, 3),
(26, 21, 5, 3),
(27, 0, 5, 3),
(27, 21, 5, 3),
(28, 0, 5, 3),
(28, 21, 5, 3),
(29, 0, 5, 3),
(29, 21, 5, 3),
(30, 0, 5, 3),
(30, 21, 5, 3),
(31, 0, 5, 3),
(31, 21, 5, 3),
(32, 0, 5, 3),
(32, 21, 5, 3),
(33, 0, 5, 3),
(33, 21, 5, 3),
(34, 0, 5, 3),
(34, 21, 5, 3),
(35, 0, 5, 3),
(35, 21, 5, 3),
(36, 0, 5, 3),
(36, 21, 5, 3),
(37, 0, 5, 3),
(37, 21, 5, 3),
(38, 0, 5, 3),
(38, 21, 5, 3),
(39, 0, 5, 3),
(39, 1, 5, 3),
(39, 2, 5, 3),
(39, 3, 5, 3),
(39, 4, 5, 3),
(39, 5, 5, 3),
(39, 6, 5, 3),
(39, 7, 5, 3),
(39, 8, 5, 3),
(39, 9, 5, 3),
(39, 10, 5, 3),
(39, 11, 5, 3),
(39, 12, 5, 3),
(39, 13, 5, 3),
(39, 14, 5, 3),
(39, 15, 5, 3),
(39, 16, 5, 3),
(39, 17, 5, 3),
(39, 18, 5, 3),
(39, 19, 5, 3),
(39, 20, 5, 3),
(39, 21, 5, 3),
(0, 0, 6, 3),
(0, 1, 6, 3),
(0, 2, 6, 3),
(0, 3, 6, 3),
(0, 4, 6, 3),
(0, 5, 6, 3),
(0, 6, 6, 3),
(0, 7, 6, 3),
(0, 8, 6, 3),
(0, 9, 6, 3),
(0, 10, 6, 3),
(0, 11, 6, 3),
(0, 12, 6, 3),
(0, 13, 6, 3),
(0, 14, 6, 3),
(1, 0, 6, 3),
(1, 2, 6, 3),
(1, 14, 6, 3),
(2, 0, 6, 3),
(2, 2, 6, 3),
(2, 14, 6, 3),
(3, 0, 6, 3),
(3, 2, 6, 3),
(3, 9, 6, 3),
(3, 14, 6, 3),
(4, 0, 6, 3),
(4, 2, 6, 3),
(4, 14, 6, 3),
(5, 0, 6, 3),
(5, 2, 6, 3),
(5, 7, 6, 3),
(5, 8, 6, 3),
(5, 9, 6, 3),
(5, 10, 6, 3),
(5, 14, 6, 3),
(6, 0, 6, 3),
(6, 2, 6, 3),
(6, 11, 6, 3),
(6, 14, 6, 3),
(7, 0, 6, 3),
(7, 2, 6, 3),
(7, 11, 6, 3),
(7, 14, 6, 3),
(8, 0, 6, 3),
(8, 2, 6, 3),
(8, 3, 6, 3),
(8, 4, 6, 3),
(8, 5, 6, 3),
(8, 6, 6, 3),
(8, 11, 6, 3),
(8, 14, 6, 3),
(9, 0, 6, 3),
(9, 11, 6, 3),
(9, 14, 6, 3),
(10, 0, 6, 3),
(10, 11, 6, 3),
(10, 14, 6, 3),
(11, 0, 6, 3),
(11, 7, 6, 3),
(11, 8, 6, 3),
(11, 9, 6, 3),
(11, 11, 6, 3),
(11, 14, 6, 3),
(12, 0, 6, 3),
(12, 10, 6, 3),
(12, 14, 6, 3),
(13, 0, 6, 3),
(13, 9, 6, 3),
(13, 14, 6, 3),
(14, 0, 6, 3),
(14, 14, 6, 3),
(15, 0, 6, 3),
(15, 14, 6, 3),
(16, 0, 6, 3),
(16, 14, 6, 3),
(17, 0, 6, 3),
(17, 14, 6, 3),
(18, 0, 6, 3),
(18, 14, 6, 3),
(19, 0, 6, 3),
(19, 1, 6, 3),
(19, 2, 6, 3),
(19, 3, 6, 3),
(19, 4, 6, 3),
(19, 5, 6, 3),
(19, 6, 6, 3),
(19, 7, 6, 3),
(19, 8, 6, 3),
(19, 9, 6, 3),
(19, 10, 6, 3),
(19, 11, 6, 3),
(19, 12, 6, 3),
(19, 13, 6, 3),
(19, 14, 6, 3),
(0, 0, 7, 3),
(0, 1, 7, 3),
(0, 2, 7, 3),
(0, 3, 7, 3),
(0, 4, 7, 3),
(0, 5, 7, 3),
(0, 6, 7, 3),
(0, 7, 7, 3),
(0, 8, 7, 3),
(0, 9, 7, 3),
(0, 10, 7, 3),
(0, 11, 7, 3),
(0, 12, 7, 3),
(0, 13, 7, 3),
(0, 14, 7, 3),
(0, 15, 7, 3),
(0, 16, 7, 3),
(0, 17, 7, 3),
(0, 18, 7, 3),
(0, 19, 7, 3),
(1, 0, 7, 3),
(1, 8, 7, 3),
(1, 19, 7, 3),
(2, 0, 7, 3),
(2, 8, 7, 3),
(2, 19, 7, 3),
(3, 0, 7, 3),
(3, 8, 7, 3),
(3, 19, 7, 3),
(4, 0, 7, 3),
(4, 19, 7, 3),
(5, 0, 7, 3),
(5, 19, 7, 3),
(6, 0, 7, 3),
(6, 19, 7, 3),
(7, 0, 7, 3),
(7, 19, 7, 3),
(8, 0, 7, 3),
(8, 19, 7, 3),
(9, 0, 7, 3),
(9, 19, 7, 3),
(10, 0, 7, 3),
(10, 19, 7, 3),
(11, 0, 7, 3),
(11, 19, 7, 3),
(12, 0, 7, 3),
(12, 19, 7, 3),
(13, 0, 7, 3),
(13, 19, 7, 3),
(14, 0, 7, 3),
(14, 19, 7, 3),
(15, 0, 7, 3),
(15, 11, 7, 3),
(15, 19, 7, 3),
(16, 0, 7, 3),
(16, 11, 7, 3),
(16, 19, 7, 3),
(17, 0, 7, 3),
(17, 11, 7, 3),
(17, 19, 7, 3),
(18, 0, 7, 3),
(18, 1, 7, 3),
(18, 2, 7, 3),
(18, 3, 7, 3),
(18, 4, 7, 3),
(18, 5, 7, 3),
(18, 6, 7, 3),
(18, 7, 7, 3),
(18, 8, 7, 3),
(18, 9, 7, 3),
(18, 10, 7, 3),
(18, 11, 7, 3),
(18, 12, 7, 3),
(18, 13, 7, 3),
(18, 14, 7, 3),
(18, 19, 7, 3),
(19, 0, 7, 3),
(19, 11, 7, 3),
(19, 19, 7, 3),
(20, 0, 7, 3),
(20, 11, 7, 3),
(20, 19, 7, 3),
(21, 0, 7, 3),
(21, 11, 7, 3),
(21, 19, 7, 3),
(22, 0, 7, 3),
(22, 19, 7, 3),
(23, 0, 7, 3),
(23, 19, 7, 3),
(24, 0, 7, 3),
(24, 1, 7, 3),
(24, 2, 7, 3),
(24, 19, 7, 3),
(25, 0, 7, 3),
(25, 19, 7, 3),
(26, 0, 7, 3),
(26, 19, 7, 3),
(27, 0, 7, 3),
(27, 19, 7, 3),
(28, 0, 7, 3),
(28, 19, 7, 3),
(29, 0, 7, 3),
(29, 19, 7, 3),
(30, 0, 7, 3),
(30, 19, 7, 3),
(31, 0, 7, 3),
(31, 19, 7, 3),
(32, 0, 7, 3),
(32, 19, 7, 3),
(33, 0, 7, 3),
(33, 19, 7, 3),
(34, 0, 7, 3),
(34, 19, 7, 3),
(35, 0, 7, 3),
(35, 19, 7, 3),
(36, 0, 7, 3),
(36, 5, 7, 3),
(36, 19, 7, 3),
(37, 0, 7, 3),
(37, 5, 7, 3),
(37, 19, 7, 3),
(38, 0, 7, 3),
(38, 5, 7, 3),
(38, 11, 7, 3),
(38, 19, 7, 3),
(39, 0, 7, 3),
(39, 1, 7, 3),
(39, 2, 7, 3),
(39, 3, 7, 3),
(39, 4, 7, 3),
(39, 5, 7, 3),
(39, 6, 7, 3),
(39, 7, 7, 3),
(39, 8, 7, 3),
(39, 9, 7, 3),
(39, 10, 7, 3),
(39, 11, 7, 3),
(39, 12, 7, 3),
(39, 13, 7, 3),
(39, 14, 7, 3),
(39, 15, 7, 3),
(39, 16, 7, 3),
(39, 17, 7, 3),
(39, 18, 7, 3),
(39, 19, 7, 3),
(4, 7, 2, 4),
(4, 8, 2, 4),
(5, 6, 2, 4),
(5, 7, 2, 4),
(5, 8, 2, 4),
(6, 6, 2, 4),
(6, 7, 2, 4),
(7, 6, 2, 4),
(7, 7, 2, 4),
(1, 15, 3, 4),
(1, 16, 3, 4),
(2, 8, 3, 4),
(2, 13, 3, 4),
(2, 17, 3, 4),
(3, 5, 3, 4),
(4, 6, 3, 4),
(5, 12, 3, 4),
(7, 1, 3, 4),
(10, 12, 3, 4),
(11, 2, 3, 4),
(11, 3, 3, 4),
(11, 8, 3, 4),
(11, 12, 3, 4),
(12, 16, 3, 4),
(13, 1, 3, 4),
(13, 19, 3, 4),
(14, 5, 3, 4),
(15, 9, 3, 4),
(19, 13, 3, 4),
(24, 6, 3, 4),
(25, 10, 3, 4),
(26, 9, 3, 4),
(28, 18, 3, 4),
(28, 19, 3, 4),
(29, 1, 3, 4),
(30, 2, 3, 4),
(30, 11, 3, 4),
(36, 2, 3, 4),
(37, 8, 3, 4),
(37, 12, 3, 4),
(38, 16, 3, 4),
(1, 15, 4, 4),
(1, 16, 4, 4),
(2, 8, 4, 4),
(2, 13, 4, 4),
(2, 17, 4, 4),
(3, 5, 4, 4),
(4, 6, 4, 4),
(5, 12, 4, 4),
(7, 1, 4, 4),
(10, 12, 4, 4),
(11, 2, 4, 4),
(11, 3, 4, 4),
(11, 8, 4, 4),
(11, 12, 4, 4),
(12, 16, 4, 4),
(13, 1, 4, 4),
(13, 19, 4, 4),
(14, 5, 4, 4),
(15, 9, 4, 4),
(19, 13, 4, 4),
(24, 6, 4, 4),
(25, 10, 4, 4),
(26, 9, 4, 4),
(28, 18, 4, 4),
(28, 19, 4, 4),
(29, 1, 4, 4),
(30, 2, 4, 4),
(30, 11, 4, 4),
(36, 2, 4, 4),
(37, 8, 4, 4),
(37, 12, 4, 4),
(38, 16, 4, 4),
(1, 3, 5, 4),
(1, 10, 5, 4),
(1, 17, 5, 4),
(2, 3, 5, 4),
(2, 8, 5, 4),
(2, 10, 5, 4),
(2, 15, 5, 4),
(2, 17, 5, 4),
(3, 2, 5, 4),
(3, 3, 5, 4),
(3, 5, 5, 4),
(3, 10, 5, 4),
(3, 11, 5, 4),
(3, 13, 5, 4),
(3, 17, 5, 4),
(3, 18, 5, 4),
(3, 20, 5, 4),
(4, 7, 5, 4),
(4, 10, 5, 4),
(4, 17, 5, 4),
(5, 3, 5, 4),
(5, 10, 5, 4),
(5, 17, 5, 4),
(6, 3, 5, 4),
(6, 10, 5, 4),
(6, 17, 5, 4),
(7, 1, 5, 4),
(7, 3, 5, 4),
(7, 9, 5, 4),
(7, 10, 5, 4),
(7, 16, 5, 4),
(7, 17, 5, 4),
(8, 3, 5, 4),
(8, 17, 5, 4),
(9, 3, 5, 4),
(9, 10, 5, 4),
(10, 10, 5, 4),
(10, 17, 5, 4),
(11, 2, 5, 4),
(11, 3, 5, 4),
(11, 8, 5, 4),
(11, 10, 5, 4),
(11, 11, 5, 4),
(11, 15, 5, 4),
(11, 17, 5, 4),
(11, 18, 5, 4),
(12, 3, 5, 4),
(12, 17, 5, 4),
(13, 1, 5, 4),
(13, 3, 5, 4),
(13, 9, 5, 4),
(13, 10, 5, 4),
(13, 16, 5, 4),
(13, 17, 5, 4),
(14, 3, 5, 4),
(14, 5, 5, 4),
(14, 10, 5, 4),
(14, 13, 5, 4),
(14, 17, 5, 4),
(14, 20, 5, 4),
(15, 3, 5, 4),
(15, 10, 5, 4),
(15, 17, 5, 4),
(16, 3, 5, 4),
(16, 10, 5, 4),
(16, 17, 5, 4),
(17, 3, 5, 4),
(17, 10, 5, 4),
(17, 17, 5, 4),
(18, 3, 5, 4),
(18, 10, 5, 4),
(18, 17, 5, 4),
(19, 1, 5, 4),
(19, 2, 5, 4),
(19, 3, 5, 4),
(19, 4, 5, 4),
(19, 5, 5, 4),
(19, 6, 5, 4),
(19, 7, 5, 4),
(19, 8, 5, 4),
(19, 9, 5, 4),
(19, 10, 5, 4),
(19, 13, 5, 4),
(19, 14, 5, 4),
(19, 15, 5, 4),
(19, 16, 5, 4),
(19, 17, 5, 4),
(19, 18, 5, 4),
(19, 19, 5, 4),
(19, 20, 5, 4),
(20, 3, 5, 4),
(20, 10, 5, 4),
(20, 17, 5, 4),
(21, 3, 5, 4),
(21, 10, 5, 4),
(21, 17, 5, 4),
(22, 10, 5, 4),
(23, 3, 5, 4),
(23, 10, 5, 4),
(23, 17, 5, 4),
(24, 3, 5, 4),
(24, 10, 5, 4),
(24, 17, 5, 4),
(25, 10, 5, 4),
(25, 17, 5, 4),
(26, 3, 5, 4),
(26, 10, 5, 4),
(26, 17, 5, 4),
(27, 3, 5, 4),
(27, 10, 5, 4),
(27, 17, 5, 4),
(28, 3, 5, 4),
(28, 10, 5, 4),
(28, 17, 5, 4),
(29, 1, 5, 4),
(29, 3, 5, 4),
(29, 9, 5, 4),
(29, 10, 5, 4),
(29, 16, 5, 4),
(29, 17, 5, 4),
(30, 2, 5, 4),
(30, 3, 5, 4),
(30, 10, 5, 4),
(30, 11, 5, 4),
(30, 18, 5, 4),
(31, 10, 5, 4),
(31, 17, 5, 4),
(32, 3, 5, 4),
(32, 10, 5, 4),
(32, 17, 5, 4),
(33, 3, 5, 4),
(33, 17, 5, 4),
(34, 3, 5, 4),
(34, 10, 5, 4),
(34, 17, 5, 4),
(35, 3, 5, 4),
(35, 10, 5, 4),
(35, 17, 5, 4),
(36, 2, 5, 4),
(36, 3, 5, 4),
(36, 10, 5, 4),
(36, 11, 5, 4),
(36, 17, 5, 4),
(36, 18, 5, 4),
(37, 3, 5, 4),
(37, 8, 5, 4),
(37, 10, 5, 4),
(37, 15, 5, 4),
(37, 17, 5, 4),
(38, 3, 5, 4),
(38, 10, 5, 4),
(38, 17, 5, 4),
(2, 3, 6, 4),
(2, 4, 6, 4),
(3, 3, 6, 4),
(3, 4, 6, 4),
(3, 6, 6, 4),
(12, 6, 6, 4),
(13, 6, 6, 4),
(14, 11, 6, 4),
(14, 12, 6, 4),
(14, 13, 6, 4),
(15, 11, 6, 4),
(16, 4, 6, 4),
(16, 11, 6, 4),
(16, 13, 6, 4),
(17, 4, 6, 4),
(17, 11, 6, 4),
(2, 1, 7, 4),
(3, 1, 7, 4),
(4, 5, 7, 4),
(4, 6, 7, 4),
(5, 5, 7, 4),
(5, 17, 7, 4),
(11, 9, 7, 4),
(12, 8, 7, 4),
(16, 6, 7, 4),
(16, 9, 7, 4),
(17, 6, 7, 4),
(17, 7, 7, 4),
(17, 9, 7, 4),
(17, 10, 7, 4),
(19, 1, 7, 4),
(20, 1, 7, 4),
(21, 1, 7, 4),
(21, 6, 7, 4),
(23, 1, 7, 4),
(23, 7, 7, 4),
(27, 13, 7, 4),
(27, 14, 7, 4),
(27, 15, 7, 4),
(27, 16, 7, 4),
(32, 14, 7, 4),
(32, 15, 7, 4),
(32, 16, 7, 4),
(32, 17, 7, 4),
(37, 1, 7, 4),
(37, 2, 7, 4),
(38, 2, 7, 4),
(1, 7, 3, 5),
(2, 7, 3, 5),
(3, 7, 3, 5),
(4, 7, 3, 5),
(5, 7, 3, 5),
(6, 7, 3, 5),
(7, 7, 3, 5),
(8, 7, 3, 5),
(9, 7, 3, 5),
(9, 14, 3, 5),
(10, 7, 3, 5),
(10, 14, 3, 5),
(11, 7, 3, 5),
(11, 14, 3, 5),
(12, 7, 3, 5),
(12, 14, 3, 5),
(13, 7, 3, 5),
(13, 14, 3, 5),
(14, 7, 3, 5),
(14, 14, 3, 5),
(15, 7, 3, 5),
(15, 14, 3, 5),
(16, 7, 3, 5),
(16, 14, 3, 5),
(17, 7, 3, 5),
(17, 14, 3, 5),
(18, 7, 3, 5),
(18, 14, 3, 5),
(19, 7, 3, 5),
(19, 14, 3, 5),
(20, 7, 3, 5),
(20, 14, 3, 5),
(21, 7, 3, 5),
(21, 14, 3, 5),
(22, 7, 3, 5),
(22, 14, 3, 5),
(23, 7, 3, 5),
(23, 14, 3, 5),
(24, 7, 3, 5),
(24, 14, 3, 5),
(25, 7, 3, 5),
(25, 14, 3, 5),
(26, 7, 3, 5),
(26, 14, 3, 5),
(27, 7, 3, 5),
(27, 14, 3, 5),
(28, 7, 3, 5),
(28, 14, 3, 5),
(29, 7, 3, 5),
(29, 14, 3, 5),
(30, 7, 3, 5),
(30, 14, 3, 5),
(31, 14, 3, 5),
(32, 14, 3, 5),
(33, 14, 3, 5),
(34, 14, 3, 5),
(35, 14, 3, 5),
(36, 14, 3, 5),
(37, 14, 3, 5),
(38, 14, 3, 5),
(1, 14, 4, 5),
(2, 14, 4, 5),
(3, 14, 4, 5),
(4, 14, 4, 5),
(5, 14, 4, 5),
(6, 14, 4, 5),
(7, 14, 4, 5),
(8, 14, 4, 5),
(9, 7, 4, 5),
(9, 14, 4, 5),
(10, 7, 4, 5),
(10, 14, 4, 5),
(11, 7, 4, 5),
(11, 14, 4, 5),
(12, 7, 4, 5),
(12, 14, 4, 5),
(13, 7, 4, 5),
(13, 14, 4, 5),
(14, 7, 4, 5),
(14, 14, 4, 5),
(15, 7, 4, 5),
(15, 14, 4, 5),
(16, 7, 4, 5),
(16, 14, 4, 5),
(17, 7, 4, 5),
(17, 14, 4, 5),
(18, 7, 4, 5),
(18, 14, 4, 5),
(19, 7, 4, 5),
(19, 14, 4, 5),
(20, 7, 4, 5),
(20, 14, 4, 5),
(21, 7, 4, 5),
(21, 14, 4, 5),
(22, 7, 4, 5),
(22, 14, 4, 5),
(23, 7, 4, 5),
(23, 14, 4, 5),
(24, 7, 4, 5),
(24, 14, 4, 5),
(25, 7, 4, 5),
(25, 14, 4, 5),
(26, 7, 4, 5),
(26, 14, 4, 5),
(27, 7, 4, 5),
(27, 14, 4, 5),
(28, 7, 4, 5),
(28, 14, 4, 5),
(29, 7, 4, 5),
(29, 14, 4, 5),
(30, 7, 4, 5),
(30, 14, 4, 5),
(31, 7, 4, 5),
(32, 7, 4, 5),
(33, 7, 4, 5),
(34, 7, 4, 5),
(35, 7, 4, 5),
(36, 7, 4, 5),
(37, 7, 4, 5),
(38, 7, 4, 5),
(1, 6, 5, 5),
(1, 14, 5, 5),
(2, 6, 5, 5),
(2, 14, 5, 5),
(3, 6, 5, 5),
(3, 14, 5, 5),
(4, 6, 5, 5),
(4, 14, 5, 5),
(5, 6, 5, 5),
(5, 14, 5, 5),
(6, 6, 5, 5),
(6, 14, 5, 5),
(7, 6, 5, 5),
(7, 14, 5, 5),
(8, 1, 5, 5),
(8, 2, 5, 5),
(8, 4, 5, 5),
(8, 5, 5, 5),
(8, 6, 5, 5),
(8, 7, 5, 5),
(8, 8, 5, 5),
(8, 9, 5, 5),
(8, 11, 5, 5),
(8, 12, 5, 5),
(8, 13, 5, 5),
(8, 14, 5, 5),
(8, 15, 5, 5),
(8, 16, 5, 5),
(8, 18, 5, 5),
(8, 19, 5, 5),
(8, 20, 5, 5),
(9, 6, 5, 5),
(9, 14, 5, 5),
(10, 6, 5, 5),
(10, 14, 5, 5),
(11, 6, 5, 5),
(11, 14, 5, 5),
(12, 6, 5, 5),
(12, 14, 5, 5),
(13, 6, 5, 5),
(13, 14, 5, 5),
(14, 6, 5, 5),
(14, 14, 5, 5),
(15, 6, 5, 5),
(15, 14, 5, 5),
(16, 1, 5, 5),
(16, 2, 5, 5),
(16, 4, 5, 5),
(16, 5, 5, 5),
(16, 6, 5, 5),
(16, 7, 5, 5),
(16, 8, 5, 5),
(16, 9, 5, 5),
(16, 11, 5, 5),
(16, 12, 5, 5),
(16, 13, 5, 5),
(16, 14, 5, 5),
(16, 15, 5, 5),
(16, 16, 5, 5),
(16, 18, 5, 5),
(16, 19, 5, 5),
(16, 20, 5, 5),
(17, 6, 5, 5),
(17, 14, 5, 5),
(18, 6, 5, 5),
(18, 14, 5, 5),
(20, 6, 5, 5),
(20, 14, 5, 5),
(21, 6, 5, 5),
(21, 14, 5, 5),
(22, 6, 5, 5),
(22, 14, 5, 5),
(23, 6, 5, 5),
(23, 14, 5, 5),
(24, 1, 5, 5),
(24, 2, 5, 5),
(24, 4, 5, 5),
(24, 5, 5, 5),
(24, 6, 5, 5),
(24, 7, 5, 5),
(24, 8, 5, 5),
(24, 9, 5, 5),
(24, 11, 5, 5),
(24, 12, 5, 5),
(24, 13, 5, 5),
(24, 14, 5, 5),
(24, 15, 5, 5),
(24, 16, 5, 5),
(24, 18, 5, 5),
(24, 19, 5, 5),
(24, 20, 5, 5),
(25, 6, 5, 5),
(25, 14, 5, 5),
(26, 6, 5, 5),
(26, 14, 5, 5),
(27, 6, 5, 5),
(27, 14, 5, 5),
(28, 6, 5, 5),
(28, 14, 5, 5),
(29, 6, 5, 5),
(29, 14, 5, 5),
(30, 6, 5, 5),
(30, 14, 5, 5),
(31, 6, 5, 5),
(31, 14, 5, 5),
(32, 1, 5, 5),
(32, 2, 5, 5),
(32, 4, 5, 5),
(32, 5, 5, 5),
(32, 6, 5, 5),
(32, 7, 5, 5),
(32, 8, 5, 5),
(32, 9, 5, 5),
(32, 11, 5, 5),
(32, 12, 5, 5),
(32, 13, 5, 5),
(32, 14, 5, 5),
(32, 15, 5, 5),
(32, 16, 5, 5),
(32, 18, 5, 5),
(32, 19, 5, 5),
(32, 20, 5, 5),
(33, 6, 5, 5),
(33, 14, 5, 5),
(34, 6, 5, 5),
(34, 14, 5, 5),
(35, 6, 5, 5),
(35, 14, 5, 5),
(36, 6, 5, 5),
(36, 14, 5, 5),
(37, 6, 5, 5),
(37, 14, 5, 5),
(38, 6, 5, 5),
(38, 14, 5, 5),
(3, 12, 6, 5),
(15, 12, 6, 5),
(15, 13, 6, 5),
(16, 12, 6, 5),
(17, 12, 6, 5),
(18, 12, 6, 5),
(28, 14, 7, 5),
(28, 15, 7, 5),
(28, 16, 7, 5),
(29, 14, 7, 5),
(29, 16, 7, 5),
(30, 14, 7, 5),
(30, 16, 7, 5),
(31, 14, 7, 5),
(31, 15, 7, 5),
(31, 16, 7, 5),
(2, 1, 1, 6),
(2, 3, 1, 6),
(2, 1, 2, 6),
(2, 3, 2, 6),
(2, 12, 3, 6),
(3, 9, 3, 6),
(6, 19, 3, 6),
(9, 8, 3, 6),
(10, 1, 3, 6),
(11, 17, 3, 6),
(16, 15, 3, 6),
(17, 18, 3, 6),
(18, 17, 3, 6),
(20, 12, 3, 6),
(21, 19, 3, 6),
(22, 2, 3, 6),
(22, 18, 3, 6),
(23, 12, 3, 6),
(27, 8, 3, 6),
(30, 8, 3, 6),
(32, 11, 3, 6),
(32, 13, 3, 6),
(35, 12, 3, 6),
(36, 17, 3, 6),
(2, 12, 4, 6),
(3, 9, 4, 6),
(6, 19, 4, 6),
(9, 8, 4, 6),
(10, 1, 4, 6),
(11, 17, 4, 6),
(16, 15, 4, 6),
(17, 18, 4, 6),
(18, 17, 4, 6),
(20, 12, 4, 6),
(21, 19, 4, 6),
(22, 2, 4, 6),
(22, 18, 4, 6),
(23, 12, 4, 6),
(27, 8, 4, 6),
(30, 8, 4, 6),
(32, 11, 4, 6),
(32, 13, 4, 6),
(35, 12, 4, 6),
(36, 17, 4, 6),
(9, 8, 5, 6),
(9, 15, 5, 6),
(10, 1, 5, 6),
(10, 4, 5, 6),
(10, 9, 5, 6),
(10, 16, 5, 6),
(22, 2, 5, 6),
(22, 11, 5, 6),
(22, 18, 5, 6),
(27, 8, 5, 6),
(27, 15, 5, 6),
(30, 8, 5, 6),
(30, 15, 5, 6),
(1, 13, 6, 6),
(2, 13, 6, 6),
(3, 13, 6, 6),
(4, 9, 6, 6),
(4, 13, 6, 6),
(5, 3, 6, 6),
(6, 3, 6, 6),
(7, 3, 6, 6),
(12, 9, 6, 6),
(17, 13, 6, 6),
(18, 13, 6, 6),
(2, 12, 7, 6),
(5, 14, 7, 6),
(6, 11, 7, 6),
(7, 17, 7, 6),
(11, 1, 7, 6),
(11, 17, 7, 6),
(12, 18, 7, 6),
(13, 7, 7, 6),
(13, 17, 7, 6),
(14, 7, 7, 6),
(18, 16, 7, 6),
(18, 17, 7, 6),
(19, 10, 7, 6),
(20, 10, 7, 6),
(21, 7, 7, 6),
(22, 3, 7, 6),
(28, 4, 7, 6),
(28, 18, 7, 6),
(29, 4, 7, 6),
(29, 15, 7, 6),
(30, 8, 7, 6),
(30, 10, 7, 6),
(30, 15, 7, 6),
(36, 7, 7, 6),
(36, 8, 7, 6),
(38, 7, 7, 6),
(38, 8, 7, 6),
(38, 17, 7, 6),
(38, 18, 7, 6),
(3, 1, 1, 7),
(2, 4, 2, 7),
(5, 2, 2, 7),
(6, 4, 2, 7),
(1, 4, 3, 7),
(1, 5, 3, 7),
(2, 2, 3, 7),
(2, 11, 3, 7),
(2, 15, 3, 7),
(2, 16, 3, 7),
(2, 20, 3, 7),
(3, 4, 3, 7),
(3, 13, 3, 7),
(3, 18, 3, 7),
(3, 19, 3, 7),
(3, 20, 3, 7),
(4, 2, 3, 7),
(4, 4, 3, 7),
(4, 5, 3, 7),
(4, 10, 3, 7),
(4, 20, 3, 7),
(6, 8, 3, 7),
(7, 6, 3, 7),
(7, 10, 3, 7),
(7, 17, 3, 7),
(8, 11, 3, 7),
(8, 12, 3, 7),
(8, 19, 3, 7),
(8, 20, 3, 7),
(9, 9, 3, 7),
(9, 10, 3, 7),
(10, 18, 3, 7),
(12, 1, 3, 7),
(12, 15, 3, 7),
(13, 16, 3, 7),
(14, 3, 3, 7),
(14, 4, 3, 7),
(14, 8, 3, 7),
(15, 5, 3, 7),
(16, 6, 3, 7),
(16, 8, 3, 7),
(16, 16, 3, 7),
(17, 12, 3, 7),
(18, 5, 3, 7),
(18, 11, 3, 7),
(18, 13, 3, 7),
(18, 20, 3, 7),
(19, 1, 3, 7),
(19, 11, 3, 7),
(19, 12, 3, 7),
(20, 3, 3, 7),
(20, 11, 3, 7),
(20, 13, 3, 7),
(21, 1, 3, 7),
(21, 2, 3, 7),
(21, 4, 3, 7),
(21, 15, 3, 7),
(21, 17, 3, 7),
(22, 3, 3, 7),
(22, 6, 3, 7),
(23, 13, 3, 7),
(24, 4, 3, 7),
(24, 9, 3, 7),
(24, 10, 3, 7),
(24, 20, 3, 7),
(25, 2, 3, 7),
(25, 3, 3, 7),
(25, 6, 3, 7),
(25, 9, 3, 7),
(25, 16, 3, 7),
(25, 17, 3, 7),
(25, 18, 3, 7),
(25, 19, 3, 7),
(27, 5, 3, 7),
(27, 9, 3, 7),
(27, 10, 3, 7),
(27, 11, 3, 7),
(27, 15, 3, 7),
(28, 12, 3, 7),
(29, 4, 3, 7),
(29, 8, 3, 7),
(30, 9, 3, 7),
(30, 10, 3, 7),
(30, 17, 3, 7),
(30, 20, 3, 7),
(31, 15, 3, 7),
(31, 18, 3, 7),
(31, 19, 3, 7),
(32, 12, 3, 7),
(32, 16, 3, 7),
(33, 4, 3, 7),
(34, 1, 3, 7),
(34, 3, 3, 7),
(34, 5, 3, 7),
(34, 6, 3, 7),
(34, 7, 3, 7),
(34, 16, 3, 7),
(34, 19, 3, 7),
(35, 9, 3, 7),
(35, 16, 3, 7),
(36, 5, 3, 7),
(36, 6, 3, 7),
(36, 18, 3, 7),
(37, 5, 3, 7),
(37, 6, 3, 7),
(37, 7, 3, 7),
(37, 11, 3, 7),
(38, 13, 3, 7),
(1, 4, 4, 7),
(1, 5, 4, 7),
(2, 2, 4, 7),
(2, 11, 4, 7),
(2, 15, 4, 7),
(2, 16, 4, 7),
(2, 20, 4, 7),
(3, 4, 4, 7),
(3, 13, 4, 7),
(3, 18, 4, 7),
(3, 19, 4, 7),
(3, 20, 4, 7),
(4, 2, 4, 7),
(4, 4, 4, 7),
(4, 5, 4, 7),
(4, 7, 4, 7),
(4, 10, 4, 7),
(4, 20, 4, 7),
(6, 8, 4, 7),
(7, 6, 4, 7),
(7, 7, 4, 7),
(7, 10, 4, 7),
(7, 17, 4, 7),
(8, 11, 4, 7),
(8, 12, 4, 7),
(8, 19, 4, 7),
(8, 20, 4, 7),
(9, 9, 4, 7),
(9, 10, 4, 7),
(10, 18, 4, 7),
(12, 1, 4, 7),
(12, 15, 4, 7),
(13, 16, 4, 7),
(14, 3, 4, 7),
(14, 4, 4, 7),
(14, 8, 4, 7),
(15, 5, 4, 7),
(16, 6, 4, 7),
(16, 8, 4, 7),
(16, 16, 4, 7),
(17, 12, 4, 7),
(18, 5, 4, 7),
(18, 11, 4, 7),
(18, 13, 4, 7),
(18, 20, 4, 7),
(19, 1, 4, 7),
(19, 11, 4, 7),
(19, 12, 4, 7),
(20, 3, 4, 7),
(20, 11, 4, 7),
(20, 13, 4, 7),
(21, 1, 4, 7),
(21, 2, 4, 7),
(21, 4, 4, 7),
(21, 15, 4, 7),
(21, 17, 4, 7),
(22, 3, 4, 7),
(22, 6, 4, 7),
(23, 13, 4, 7),
(24, 4, 4, 7),
(24, 9, 4, 7),
(24, 10, 4, 7),
(24, 20, 4, 7),
(25, 2, 4, 7),
(25, 3, 4, 7),
(25, 6, 4, 7),
(25, 9, 4, 7),
(25, 16, 4, 7),
(25, 17, 4, 7),
(25, 18, 4, 7),
(25, 19, 4, 7),
(27, 5, 4, 7),
(27, 9, 4, 7),
(27, 10, 4, 7),
(27, 11, 4, 7),
(27, 15, 4, 7),
(28, 12, 4, 7),
(29, 4, 4, 7),
(29, 8, 4, 7),
(30, 9, 4, 7),
(30, 10, 4, 7),
(30, 17, 4, 7),
(30, 20, 4, 7),
(31, 15, 4, 7),
(31, 18, 4, 7),
(31, 19, 4, 7),
(32, 12, 4, 7),
(32, 16, 4, 7),
(33, 4, 4, 7),
(34, 1, 4, 7),
(34, 3, 4, 7),
(34, 5, 4, 7),
(34, 6, 4, 7),
(34, 16, 4, 7),
(34, 19, 4, 7),
(35, 9, 4, 7),
(35, 16, 4, 7),
(36, 5, 4, 7),
(36, 6, 4, 7),
(36, 18, 4, 7),
(37, 5, 4, 7),
(37, 6, 4, 7),
(37, 11, 4, 7),
(38, 13, 4, 7),
(1, 4, 5, 7),
(1, 5, 5, 7),
(1, 12, 5, 7),
(1, 13, 5, 7),
(1, 19, 5, 7),
(1, 20, 5, 7),
(2, 2, 5, 7),
(2, 11, 5, 7),
(2, 18, 5, 7),
(3, 4, 5, 7),
(3, 12, 5, 7),
(3, 19, 5, 7),
(4, 2, 5, 7),
(4, 3, 5, 7),
(4, 4, 5, 7),
(4, 5, 5, 7),
(4, 11, 5, 7),
(4, 12, 5, 7),
(4, 13, 5, 7),
(4, 18, 5, 7),
(4, 19, 5, 7),
(4, 20, 5, 7),
(6, 8, 5, 7),
(6, 15, 5, 7),
(7, 7, 5, 7),
(8, 10, 5, 7),
(9, 17, 5, 7),
(10, 3, 5, 7),
(12, 1, 5, 7),
(12, 9, 5, 7),
(12, 10, 5, 7),
(12, 16, 5, 7),
(14, 4, 5, 7),
(14, 8, 5, 7),
(14, 12, 5, 7),
(14, 15, 5, 7),
(14, 19, 5, 7),
(15, 5, 5, 7),
(15, 13, 5, 7),
(15, 20, 5, 7),
(18, 5, 5, 7),
(18, 13, 5, 7),
(18, 20, 5, 7),
(19, 11, 5, 7),
(19, 12, 5, 7),
(21, 1, 5, 7),
(21, 2, 5, 7),
(21, 4, 5, 7),
(21, 9, 5, 7),
(21, 11, 5, 7),
(21, 12, 5, 7),
(21, 16, 5, 7),
(21, 18, 5, 7),
(21, 19, 5, 7),
(22, 3, 5, 7),
(22, 7, 5, 7),
(22, 17, 5, 7),
(25, 2, 5, 7),
(25, 3, 5, 7),
(25, 7, 5, 7),
(25, 11, 5, 7),
(25, 18, 5, 7),
(27, 5, 5, 7),
(27, 13, 5, 7),
(27, 20, 5, 7),
(29, 4, 5, 7),
(29, 8, 5, 7),
(29, 12, 5, 7),
(29, 15, 5, 7),
(29, 19, 5, 7),
(30, 17, 5, 7),
(31, 3, 5, 7),
(33, 4, 5, 7),
(33, 10, 5, 7),
(33, 12, 5, 7),
(33, 19, 5, 7),
(34, 1, 5, 7),
(34, 5, 5, 7),
(34, 7, 5, 7),
(34, 9, 5, 7),
(34, 13, 5, 7),
(34, 16, 5, 7),
(34, 20, 5, 7),
(36, 5, 5, 7),
(36, 7, 5, 7),
(36, 13, 5, 7),
(36, 20, 5, 7),
(37, 5, 5, 7),
(37, 7, 5, 7),
(37, 13, 5, 7),
(37, 20, 5, 7),
(1, 12, 6, 7),
(2, 12, 6, 7),
(4, 3, 6, 7),
(4, 4, 6, 7),
(4, 12, 6, 7),
(7, 6, 6, 7),
(7, 10, 6, 7),
(9, 6, 6, 7),
(9, 10, 6, 7),
(11, 10, 6, 7),
(14, 1, 6, 7),
(15, 1, 6, 7);
INSERT INTO `composed` (`X`, `Y`, `ID_Map`, `ID_Element`) VALUES
(16, 1, 6, 7),
(16, 9, 6, 7),
(17, 1, 6, 7),
(17, 9, 6, 7),
(18, 1, 6, 7),
(18, 9, 6, 7),
(3, 12, 7, 7),
(4, 15, 7, 7),
(5, 9, 7, 7),
(5, 10, 7, 7),
(5, 11, 7, 7),
(5, 15, 7, 7),
(6, 6, 7, 7),
(6, 10, 7, 7),
(8, 12, 7, 7),
(9, 12, 7, 7),
(11, 2, 7, 7),
(11, 15, 7, 7),
(12, 9, 7, 7),
(12, 10, 7, 7),
(12, 14, 7, 7),
(12, 15, 7, 7),
(12, 16, 7, 7),
(12, 17, 7, 7),
(13, 15, 7, 7),
(14, 5, 7, 7),
(14, 6, 7, 7),
(14, 14, 7, 7),
(15, 6, 7, 7),
(18, 15, 7, 7),
(22, 2, 7, 7),
(22, 7, 7, 7),
(22, 8, 7, 7),
(22, 9, 7, 7),
(22, 10, 7, 7),
(27, 11, 7, 7),
(28, 1, 7, 7),
(28, 2, 7, 7),
(28, 3, 7, 7),
(28, 11, 7, 7),
(29, 1, 7, 7),
(29, 2, 7, 7),
(29, 3, 7, 7),
(29, 6, 7, 7),
(29, 7, 7, 7),
(29, 11, 7, 7),
(29, 13, 7, 7),
(29, 17, 7, 7),
(30, 6, 7, 7),
(30, 7, 7, 7),
(30, 11, 7, 7),
(30, 13, 7, 7),
(30, 17, 7, 7),
(31, 6, 7, 7),
(31, 7, 7, 7),
(31, 11, 7, 7),
(32, 11, 7, 7),
(36, 6, 7, 7),
(37, 6, 7, 7),
(38, 6, 7, 7),
(6, 10, 6, 8),
(18, 2, 6, 8),
(18, 4, 6, 8),
(4, 17, 7, 8),
(11, 4, 7, 8),
(27, 17, 7, 8),
(4, 6, 2, 9),
(8, 10, 6, 9),
(14, 6, 6, 9),
(16, 7, 7, 9),
(32, 13, 7, 9),
(4, 6, 6, 10),
(10, 10, 6, 10),
(16, 10, 7, 10),
(1, 3, 6, 11),
(18, 11, 6, 11),
(5, 6, 7, 11),
(22, 1, 7, 11),
(3, 3, 1, 12),
(3, 3, 2, 12),
(3, 2, 3, 12),
(36, 1, 4, 12),
(12, 19, 5, 12),
(2, 1, 6, 12),
(1, 1, 7, 12);




#------------------------------------------------------------
# Stored procedure
#------------------------------------------------------------

DELIMITER $$
CREATE DEFINER=`root`@`localhost` PROCEDURE `findHeight`(IN `level` INT)
    NO SQL
SELECT 
	Height
FROM
	map
WHERE 
	ID = LEVEL$$
DELIMITER ;

DELIMITER $$
CREATE DEFINER=`root`@`localhost` PROCEDURE `findAllBricks`(IN `level` INT)
    NO SQL
SELECT
	Code,
    X,
    Y
FROM
	element 
    INNER JOIN composed ON element.ID = composed.ID_Element
    INNER JOIN map ON composed.ID_Map = map.ID
WHERE
	map.ID = LEVEL$$
DELIMITER ;

DELIMITER $$
CREATE DEFINER=`root`@`localhost` PROCEDURE `findWidth`(IN `level` INT)
    NO SQL
SELECT
	width
From 
	map
WHERE
	ID = LEVEL$$
DELIMITER ;


DELIMITER $$
CREATE DEFINER=`root`@`localhost` PROCEDURE `findTimer`(IN `level` INT)
    NO SQL
SELECT
	Timer
FROM 
	map
WHERE
	ID = LEVEL$$
DELIMITER ;

DELIMITER $$
CREATE DEFINER=`root`@`localhost` PROCEDURE `findDiamondToCollect`(IN `level` INT)
    NO SQL
SELECT
	diamondtocollect
FROM
	map
WHERE
	ID = LEVEL$$
DELIMITER ;

DELIMITER $$
CREATE DEFINER=`root`@`localhost` PROCEDURE `findCode`(IN `callout` CHAR(20))
    NO SQL
SELECT
	Code
FROM
	element
where 
	Name = callout$$
DELIMITER ;

DELIMITER $$
CREATE DEFINER=`root`@`localhost` PROCEDURE `findPermeability`(IN `callout` CHAR(20))
    NO SQL
SELECT
	Type
FROM
	element 
    INNER JOIN permeability on element.ID_Permeability = permeability.ID
WHERE
	name = callout$$
DELIMITER ;

DELIMITER $$
CREATE DEFINER=`root`@`localhost` PROCEDURE `findValue`(IN `callout` CHAR(20))
    NO SQL
SELECT	
	VALUE
FROM
	element
WHERE
	name = callout$$
DELIMITER ;

DELIMITER $$
CREATE DEFINER=`root`@`localhost` PROCEDURE `findDrop`(IN `callout` CHAR(20))
    NO SQL
SELECT
	Droppable
FROM 
	element
WHERE
	name = callout$$
DELIMITER ;


DELIMITER $$
CREATE DEFINER=`root`@`localhost` PROCEDURE `findAllLevels`()
    NO SQL
SELECT
	ID
FROM
	map$$
DELIMITER ;
